Name	MvalueInSignal	DvalueInSignal	ProbDiffExprn
ANKRD65	-14.5154534553886	17564.25	0.941459779724474
VWA1	-14.0002817488615	20482.75	0.927120061066482
FLJ42875	-15.3501277135836	20883.75	0.965740976336738
CCDC27	-15.3173718449648	265394	0.982770528152375
LOC388588	-17.6953710420659	265305	0.99816437061539
AK025726	-16.5159433800182	515409.5	0.995383664715932
TNFAIP8L2	-14.0509822980676	12729.25	0.912943913343753
CRNN	-14.2292319033315	9602.25	0.906728217803788
PPIF	13.6953588068562	16580.25	0.909254480026171
KIF11	15.2691632137112	19744	0.962614954018393
LOC728558	13.6648916692861	22727.25	0.915579222856312
TM9SF3	16.5853293503976	49164	0.991439787721275
GBF1	14.2296449978497	9605	0.90674639235215
MGMT	15.1980612949304	18794.5	0.959797899022209
INPP5A	14.6650027440862	12988.5	0.934389880411472
RPL27A	14.3888245380236	10725.5	0.917342154047472
IPO7	14.8049376720519	21467.25	0.954763549125804
SWAP70	14.7182652891185	13477	0.937443204536367
SBF2	13.8536715763012	25904.75	0.927120061066482
MTRNR2L8	21.1634119767116	1174334	0.999727381774563
COPB1	14.4563544151083	11239.5	0.92224928210534
QSER1	15.3859971752729	21409.5	0.966613354658137
CSTF3	13.7717370503794	17481.75	0.913816291665152
CD59	15.8266726125128	29058	0.980244265929992
EHF	13.7179334123568	16841.75	0.910690269346807
TRIM44	16.4115606393824	43585	0.989822252917015
FNBP4	13.8068315281458	17912.25	0.916088110210461
PRG2	15.1380317577368	18028.5	0.957544255025263
AHNAK	15.2844530187103	149657.75	0.981734578895714
MACROD1	14.2105191527373	9478.5	0.905528697611864
C12orf39	-15.2296637720631	19210.75	0.960852022827233
OR6C2	15.1735188674985	1358094.25	0.980335138671804
ATP5B	14.4831859719367	11450.5	0.924103086038312
SLC35E3	15.610592339083	25016	0.974137617680201
CPM	15.1386717821651	27054.75	0.96759478026971
LYZ	13.9975911502344	12266.75	0.909563447348333
LUM	14.2651022184843	9844	0.909199956381084
BC118985	14.1490166972665	22707.25	0.935298607829595
BC122534	14.1490166972665	22707.25	0.935298607829595
BC107595	15.4709447921538	22708	0.969484933299408
EEA1	15.7945935522207	28419	0.979171967576606
UBE2N	14.8953291323078	38092.25	0.967776525753335
CHST11	13.9009961532021	133843.25	0.940860019628512
AK055957	-14.110184212678	13262.5	0.91666969575806
DAAM1	14.1923852919581	23400.25	0.937515902729817
KIAA0247	13.2641376080632	61480.75	0.909272654574534
BC040628	-14.4133304218258	10909.25	0.919105085238632
CLMN	14.5095276074232	11661.5	0.925575224455672
SNORD114-12	-13.7172694297114	16834	0.910690269346807
SNORD114-13	-13.7172694297114	16834	0.910690269346807
SNORD114-14	-13.7172694297114	16834	0.910690269346807
DYNC1H1	13.6949649350848	62987.75	0.930173385191378
MGC23270	-15.3466262661922	41666.25	0.97780887644942
PLD4	-14.3949613112163	48470.5	0.955526880157028
DQ595055	-13.8038662405613	28600.75	0.927138235614845
SNORD115-11	-14.401446212318	10819.75	0.918305405110683
FMN1	15.1870891223981	46630.25	0.975736977936098
AVEN	14.8783383498952	15058.5	0.945967067718367
SPRED1	15.034755983653	16783	0.953491330740431
GPR176	14.9062016444374	23028.25	0.95950710624841
BC031952	-14.1246867736515	13396.5	0.917396677692559
CHAC1	-14.7096492743727	13396.75	0.937043364472393
RTF1	14.4165996315758	10934	0.919341354367344
MFAP1	14.7885144326066	14149.5	0.941296208789212
FRMD5	16.4820989111328	45769	0.990549234851514
RSL24D1	14.1849528051242	9312	0.90343862455018
UBE2Q2P1	13.7400758680165	17102.25	0.911980662280542
SEC11A	15.5701521845558	24324.5	0.97288357384319
DQ588439	-14.8891474284264	15171.75	0.946566827814329
DQ597703	-14.8891474284264	15171.75	0.946566827814329
AK056253	-14.1897859588602	9343.25	0.903856639162517
NUFIP2	15.1401907031918	18055.5	0.957580604121988
AATF	15.7717473653274	27972.5	0.978626731125732
HEXIM1	16.2765242905107	59535.75	0.991367089527825
BTBD17	-13.48244923533	37193.5	0.916469775726073
YES1	14.2334698875221	9630.5	0.907128057867762
SMCHD1	15.2768271600973	29773.75	0.972138417360329
RAB31	16.0159376733092	33131.5	0.984297190214823
VAPA	13.9453340937375	19717.25	0.924139435135037
SEH1L	14.7563478255166	13837.5	0.939587801243139
ROCK1	14.4839417053437	17184.75	0.939896768565301
ESCO1	14.9443460341378	15763.5	0.949347533713787
OR10H2	-14.1865398646657	9322.25	0.90358402093708
SIPA1L3	15.6210502360139	25198	0.974628330485987
IGFL1	-14.3182956549858	10213.75	0.912598596924866
RPL13A	14.8150830366899	14412.5	0.942441205336047
MYBPC2	14.4951055100078	11545.5	0.924866417069536
FAM71E1	-13.3136017742979	35630.25	0.907055359674312
CLDND2	-14.2660178549254	9850.25	0.909236305477809
SIGLEC8	-14.2518337214854	19507.75	0.935225909636145
CRIM1	13.4599682357314	59152.75	0.919595798044419
SPTBN1	13.82961703927	54592.25	0.935371306023045
LOC151534	-15.1696771212999	27642.5	0.968376285849297
TLX2	-13.7546396220211	27641.25	0.924375704263749
DQX1	-13.9472846999635	27641.5	0.932063538221075
RMND5A	13.7804337059309	102007.25	0.935716622441932
TEKT4	-14.2279417864367	14390.5	0.924375704263749
SLC20A1	13.620168903564	28328.75	0.91857802333612
DDX18	14.761447348013	13886.5	0.939824070371851
LOC254128	14.4861436692899	11474	0.924375704263749
MAP3K2	14.9361778225768	15674.5	0.949038566391625
ANKRD30BL	20.8157421173257	922853	0.999382065355676
MGAT5	16.8490262949009	59024	0.993475337137872
UBXN4	14.2136358647895	9499	0.905837664934026
KIF5C	14.1598187901105	41180.25	0.945294609428956
PRPF40A	13.2695783142054	27153.75	0.900930536876159
PSMD14	15.6212506083377	25201.5	0.974628330485987
STK39	16.1710790401767	36893	0.986750754243757
CERS6	15.4426195785971	22266.5	0.968176365817309
SSB	14.4090593964279	10877	0.918923339755007
METTL5	14.5296745617646	11825.5	0.926683871905783
BC046497	16.0602526198478	34165	0.984896950310785
AK002090	14.3120320587449	10169.5	0.912198756860892
MTX2	14.2307710184398	9612.5	0.90689178873905
HNRNPA3	13.7046001504602	30036.25	0.923685071425975
AGPS	14.1892686189289	23349.75	0.937425029988005
LOC100506866	14.347898144596	10425.5	0.914815891825088
SESTD1	15.3276929772403	20561.5	0.964904947112064
ZC3H15	14.3595436816148	10510	0.915706444694849
TFPI	14.7777690040138	14044.5	0.94069644869325
C2orf67	15.4994722125616	23161.5	0.970502708007706
AK093026	15.0338531303504	16772.5	0.953382283450256
XRCC5	15.7953801838396	28434.5	0.979299189415143
ARPC2	16.802276535507	57142	0.99302097342881
NHEJ1	15.3501795230502	20884.5	0.965740976336738
PID1	16.7304037963122	54365	0.992366689687761
GINS1	13.6280353663773	15824.25	0.904092908291229
DQ590432	-13.8160636518935	18027.25	0.91674239395151
CCDC116	-15.4025624432141	21656.75	0.967194940205736
TIMP3	14.6017243689016	31077.75	0.956780923994039
MYH9	14.7778100912191	35112.25	0.963596379629966
bK250D10.C22.8	14.7572510950109	20769.25	0.953200537966632
RRP7B	14.0929072637117	48050.25	0.944567627494457
BC152380	-14.855233490027	14819.25	0.944785722074806
CPOX	14.1875067277583	9328.5	0.903693068227255
EEFSEC	13.578702897692	15292.25	0.900312602231835
AK130481	-15.1759588175347	18508.75	0.958689251572098
FNDC3B	13.2484890636574	114336.75	0.910853840282069
TBL1XR1	13.7250821789263	30465.75	0.925357129875323
LPP	13.5489960721333	140817.25	0.926102286358184
HSP90AB2P	13.4698961486709	19853.75	0.903947511904329
RAB28	14.2072431559367	9457	0.905383301224965
DCAF16	14.4153456592753	10924.5	0.919268656173894
NCAPG	14.9136374280491	15431.5	0.947984442586602
LCORL	14.6562386297793	19364.75	0.948257060812039
SLIT2	15.4386294363037	22205	0.968067318527135
RFC1	13.3470368891892	23442.25	0.902439024390244
EPHA5	15.0128427422082	16530	0.952691650612482
UBA6	14.8706055339926	14978	0.94576714768638
YTHDC1	14.3756503832614	10628	0.916578823016248
CSN1S1	-13.5382973410534	196282.25	0.925938715422922
RUFY3	14.508042334429	11649.5	0.925520700810585
IL8	15.2412756267847	19366	0.961542655665007
SHROOM3	14.44830992543	11177	0.921631347461016
HNRPDL	14.8242228897718	36260.25	0.964868598015339
ENOPH1	15.0168082876866	16575.5	0.952873396096107
WDFY3	13.9380725598221	19618.25	0.923557849587438
AFF1	13.47679682393	42747.75	0.918232706917233
PDLIM5	15.2227445988167	28678.25	0.970230089782269
RAP1GDS1	13.3380554134158	23296.75	0.901712042455745
CENPE	16.0198947324917	33222.5	0.984333539311548
AK123292	14.1448175422348	9056.5	0.900785140489259
ANXA5	13.4185216261217	35581.25	0.912453200537967
PHF17	14.3337610059645	15485.75	0.930609574352077
NAA15	14.2269640365041	14380.75	0.924375704263749
ANAPC10	14.3864014236408	10707.5	0.917196757660572
RPS3A	15.3801566383885	21323	0.966449783722874
PPID	14.2829436131151	9966.5	0.91027225473447
CBR4	13.9222127177854	19403.75	0.922594598524227
EXOC3	14.5272937252317	11806	0.926629348260696
DTWD2	17.4905610428788	92077	0.996601359456218
TNFAIP8	14.079984707034	21646.25	0.931700047253826
SNX2	15.7657781723258	27857	0.978572207480644
SNX24	15.2646991542757	19683	0.962305986696231
CSNK1G3	16.039176100715	33669.5	0.984697030278798
ZNF608	14.5639708096213	12110	0.928483152193668
MARCH3	15.189206834597	18679.5	0.959379884409872
CDC42SE2	14.7048402714689	20028.25	0.95061975209916
AFF4	16.3055452295485	40497	0.98838646359638
AK026965	14.457060187529	11245	0.92224928210534
CTNNA1	14.4031718406135	27081.75	0.948311584457126
LOC285629	-14.9835503375546	16197.75	0.951237686743484
NKX2-5	-15.0987517700749	17544.25	0.956108465704627
CANX	13.3762416934433	130240.25	0.917796517756534
SSR1	13.803772364863	32173.75	0.92886481770928
RANBP9	13.8489749651398	18443.25	0.918614372432845
C4B	-16.263516793841	39334.25	0.988004798080768
LOC100507547	-14.1547785609486	9119.25	0.901439424230308
BC015662	14.1749256825007	23118.75	0.936407255279706
NUDT3	14.4503950713891	16789.75	0.937806695503617
CNPY3	13.5097396645094	20409.75	0.906619170513613
HSP90AB1	14.3991924605905	135035.75	0.959452582603322
SUPT3H	13.4707744033447	31217.75	0.913761768020065
CD2AP	13.8374045477933	54887.75	0.935825669732107
PRIM2	13.5550204445399	75216.25	0.924848242521173
EEF1A1	13.3062204731674	154453.75	0.914307004470939
HDAC2	14.3558328320787	10483	0.915361128275962
FBXO30	14.2424298275577	9690.5	0.907636945221911
TMEM242	15.1882411105896	18667	0.959343535313147
PSPH	14.0744760007345	21563.75	0.931100287157864
LOC100133091	15.4674781879076	33980.25	0.976863799934572
LMTK2	15.1570705607835	18268	0.958107666024499
BAIAP2L1	15.6842829123713	26327	0.97633673803206
SMURF1	14.7971548726296	14234.5	0.941605176111374
POLR2J	14.2732856714003	9900	0.909781541928683
POLR2J2	14.8887908053086	15168	0.946530478717604
MTRNR2L6	15.5600541410352	108696.75	0.985987423212533
BC043205	-18.9503445848872	633186	0.998945876194977
C8orf71	-14.0538749859353	21258	0.929882592417578
LOC286189	15.0179641489871	58060.75	0.974173966776926
PMP2	-14.1716068518655	9226.25	0.902657118970594
RPS6	14.6954675606379	33164.25	0.960997419214133
TAL2	-14.268651645635	9868.25	0.909345352767984
SETX	15.334831928118	20663.5	0.965141216240776
UBAC1	13.9057630496028	26857.25	0.929937116062666
TUBB4B	13.9021866623871	26790.75	0.929500926901967
DQ582201	17.1229594002267	71366	0.995111046490495
TVAS5	20.8855102859061	8232917.75	0.999763730871288
STRF6	20.9739614636963	1029820	0.999654683581113
MTND5	17.5132175032975	607973.75	0.99816437061539
AF079515	17.3826831245293	85443	0.996383264875868
KAL1	14.2159373991991	14271.25	0.92379411871615
APOO	14.7867290765428	14132	0.941168986950674
EIF2S3	15.9378565383143	31386	0.982570608120388
POLA1	13.6135186527959	53263.75	0.925466177165497
VENTXP1	16.3688133562314	105781.25	0.993766129911672
USP9X	13.309953762562	63464.75	0.91210788411908
RBM3	13.9574285703863	19883.25	0.924611973392461
PLP2	14.477252323938	11403.5	0.923666896877613
RPS4X	13.2674304572603	36972.75	0.905383301224965
TTTY20	-14.1807250390775	9284.75	0.903202355421468
RNU11	-15.1547983351359	18239.25	0.958053142379412
RBM14-RBM4	13.9230302982638	19414.75	0.922594598524227
TRAV1-2J6	-15.0866545796872	17397.75	0.955581403802116
PSMB11	-13.7647264847998	17397	0.91321653156919
BC153822	-14.7396487785454	13678.25	0.938878993857003
KIR3DX1	-14.7181850033542	13476.25	0.937443204536367
LOC644936	14.1844104822499	9308.5	0.903420450001817
FRG2B	-15.5359891347806	23755.25	0.971756751844717
DQ595261	-14.6497333288275	12851.75	0.93379012031551
DQ580332	-14.6497333288275	12851.75	0.93379012031551
DQ588034	-14.6497333288275	12851.75	0.93379012031551
DQ599212	-14.6497333288275	12851.75	0.93379012031551
OR8J1	-14.2442523282062	9702.75	0.907800516157173
OR5M9	-14.2442523282062	9702.75	0.907800516157173
OR5M3	-14.2442523282062	9702.75	0.907800516157173
OR6Q1	-14.4629175883332	11290.75	0.922703645814402
OR9Q2	-14.4656620541563	11312.25	0.922903565846389
POU5F1P3	-15.9960872530668	32678.75	0.983770128312311
OR9K2	-21.4349816772787	1417562.75	0.99978190541965
OR6C1	18.9138785624734	1358240.25	0.999491112645851
OR6C4	16.0694083396262	1358109.25	0.993857002653484
OR10P1	16.4905460384414	1358114.25	0.995819853876631
LOC647264	-14.6473741018833	12830.75	0.933681073025335
DQ580323	-14.3348668361123	10331.75	0.913761768020065
DQ573937	-14.3348668361123	10331.75	0.913761768020065
MIR134	-14.6467049522395	32062	0.958834647958998
EPC2	14.4906837724324	51795.75	0.959616153538585
C20orf94	14.4164017083962	10932.5	0.919286830722257
SLC25A26	14.0368947797971	21009.25	0.929410054160154
LOC728405	-15.4231323281964	21967.75	0.967722002108248
PGM2	14.477252323938	11403.5	0.923666896877613
SMN1	14.5188375374285	11737	0.926174984551634
LOC202181	15.6681370791738	26034	0.975864199774636
MAS1L	-15.3376741625066	20704.25	0.965286612627676
C6orf147	14.2910267680561	10022.5	0.910817491185344
PHF10	14.5768385997246	12218.5	0.929101086837992
RP	-15.2539397920671	19536.75	0.961997019374069
DQ581988	14.211203886059	9483	0.905583221256952
BC018860	16.1137964180015	585037.75	0.993620733524772
OK/SW-cl.16	19.585490734708	983398.75	0.999327541710588
BCYRN1	17.2575719985041	78345.5	0.995819853876631
BC047032	-15.9885420482601	113779	0.99154883501145
U6atac	-14.1155686563747	106496.75	0.948838646359638
CPEB3_ribozyme	-16.0909910875175	34900.75	0.985278615826397
MIR3908	-14.1213138032057	31185.5	0.940587401403075
OR11H2	-13.3894800983925	64379.25	0.916251681145724
HTJA150	-14.5519184991597	12009.25	0.927956090291156
DQ586005	-16.2794020106548	39769.75	0.98809567082258
MIR4732	-14.4764614333939	11397.25	0.923666896877613
hsa-miR-3074-5p	-14.2528501920126	9760.75	0.908382101704773
FW420894	-14.2528501920126	9760.75	0.908382101704773
MIR639	-14.2528501920126	9760.75	0.908382101704773
MIR1470	-14.253884408528	9767.75	0.90850932354331
DQ571988	-14.253884408528	9767.75	0.90850932354331
MIR4773-2	-14.9428122870341	15746.75	0.949274835520337
MIR1257	-14.7461118835392	20609.5	0.952691650612482
MIR548AC	15.3977637514609	32377.25	0.975300788775399
MIR548G	15.9074808634358	107562.25	0.990603758496601
MIR943	-14.7844048056876	14109.25	0.941078114208862
MIR548I2	-18.4719232356553	181790.75	0.998473337937552
DQ589421	-20.6341444304992	2847962	0.999763730871288
DQ583133	-18.7280177628665	759857.5	0.998964050743339
DQ581767	-20.224120310233	2143406.5	0.999727381774563
DQ584082	-15.2028289467065	65998.5	0.978154192868307
MTRNR2L2	15.0226614620314	1439609.75	0.977917923739595
CBY3	-14.0258193122065	29188	0.936370906182981
DQ573101	-14.8553795068661	14820.75	0.944785722074806
CRISPR_DR35	-14.9962748661624	16341.25	0.951855621387809
MIR3145	-14.9962748661624	16341.25	0.951855621387809
LOC100129148	14.4260026133294	11005.5	0.919904765366581
TCRBV19S1P	17.8259463284179	116175	0.997528261422704
MIR4470	-15.3091388044343	20298.75	0.964305187016103
MIR4661	-14.1377516577404	9012.25	0.90027625313511
MIR3134	15.9857307783325	32445	0.983570208280324
JA040725	23.0124927485173	4230781	0.999945476354913
JA040723	22.4934017902576	2952287	0.999945476354913
AD	1	17.9818125263492	129429.5	0.997819054196503
cytochrome	b	19.2784176956385	317944.5	0.998836828904802
