Name	MvalueInSignal	DvalueInSignal	ProbDiffExprn
ISG15	16.3148967458378	112489.719513251	0.992243696868415
ANKRD65	13.8552747860268	6513.25397176429	0.937495458838916
VWA1	16.1432831238214	3671.0405589485	0.904254159703553
C1orf86	11.1363287459768	7000.77329310333	0.901656615563467
BC018779	11.970963356867	4462.34826660006	0.90874082685461
FAM213B	16.4124165332912	7244.65773743763	0.942345418876698
FLJ42875	14.9208904246744	7683.08398286975	0.94452517619705
TP73	12.2409234460762	42196.7124359479	0.962689820533314
CCDC27	15.8084487865601	99803.4581168759	0.991426287873283
LOC388588	18.5879697519845	390751.293775198	0.997947395190002
BC037321	12.2729492286313	4032.07985848061	0.906742715977621
C1orf211	14.3315317749841	5888.99971800719	0.933117779553876
C1QB	12.4402210054516	5158.02719183702	0.921165443580615
CNKSR1	13.4722748203196	7927.94192072444	0.945233597326164
AL050085	12.8237937283279	5090.69456845102	0.923454188766984
IFI6	13.00927894078	14107.4837765131	0.95954733706314
SERINC2	13.3888801723247	17409.4029477239	0.967103829107026
DLGAP3	11.724665583138	5005.18950043697	0.909394754050716
AK025726	17.3180870686434	141008.49844293	0.99382402092567
HYI	12.1401053930091	173612.883082283	0.970773087262951
ATPAF1-AS1	12.3060101790961	5734.88373740635	0.924816537092204
LDLRAD1	13.6820108440062	10566.4926019905	0.955823584974206
TMEM61	12.62561574299	10073.6146600352	0.947050061759791
BSND	13.625261605612	8095.06841075565	0.946287146697668
MIR101-1	13.2368268245346	30412.4292808224	0.974587662573567
BARHL2	14.5777447125983	3862.46465607654	0.908032405725496
S1PR1	12.6182060579417	5289.48787550058	0.923853810942382
DENND2D	13.7322000566194	4165.06168196027	0.913281987938676
CHI3L2	13.9379481806635	6533.5842545601	0.937677105282279
LOC100506343	12.6255239128601	5143.87879209579	0.922436968684153
BOLA1	13.7604468257591	3760.40751438006	0.906052459492843
C1orf54	12.9146023346618	4795.1580406715	0.920547845673182
ECM1	14.0401639441109	5193.35483356673	0.926178885417424
ADAMTSL4	12.7236944456779	4642.99365593621	0.917895807600087
TNFAIP8L2	14.0100035030394	8684.07720327199	0.949157160502797
CRNN	12.7274273457155	4103.2380334404	0.910629949865582
LCE5A	15.0211403920974	9593.83641686981	0.953661992298191
CRCT1	15.1996414817064	12721.3949913584	0.96241735086827
LCE2A	12.2879075124538	5330.3787952458	0.921474242534331
LCE4A	13.7052494761475	8133.96674771707	0.946523287074039
S100A8	11.6988951479354	5568.44582887324	0.912573566809562
EFNA4	12.1048479199858	5265.01213728464	0.918477076218848
EFNA1	12.1843664932533	7073.45392396962	0.930138777882729
MUC1	15.2663107578661	13976.7432994333	0.964433626389595
BC041646	11.0951808653504	12026.1735135262	0.912119450701155
C1orf85	12.9736545703755	10535.5135152874	0.952444961127661
ETV3L	13.839420698105	4080.39785343407	0.911828816391775
ETV3	11.8068616717539	8466.32059317647	0.926614836881494
CYCSP52	13.566980917618	24706.351461937	0.973951900021798
C1orf192	13.2893267352648	4410.12055739462	0.916442636053186
RGS4	15.420770074206	4298.07549653673	0.915389086681683
GPR161	11.8887342872255	4738.37469828545	0.910357480200538
SNORD74	10.9540218769161	11713.471668841	0.9055801787401
DQ571986	14.5244273345252	185619.69658849	0.993933008791688
DQ595741	14.5247866844491	179676.715070654	0.99382402092567
DQ577099	13.1993592022162	74081.720284992	0.982471118215505
DQ578106	12.66247397128	51058.9266745406	0.971608660902419
DQ576856	12.1052235303553	35893.3713047503	0.958566446268982
DQ590691	11.1593536396706	18007.9569660015	0.9204570224515
DQ591798	12.8957998509118	60023.2869664692	0.977276029935334
RGS13	13.9200091324544	5405.84173247925	0.928358642737775
CYB5R1	10.8601915301052	14714.5841675112	0.90470827581196
MYOG	15.3330477960176	5592.75447679969	0.930502070769454
IKBKE	12.2554983153998	8090.34567980645	0.935715323693962
IL20	11.9617917599067	3849.2586001164	0.900566736903291
AX229788	13.7996147628603	31489.0226504951	0.977766475332413
C1orf133	13.8036174116047	5967.59436753779	0.933735377461309
DQ576410	12.1889040389418	40854.921883961	0.96134563685243
DQ575010	10.8363141444713	14890.0256614829	0.904127007193199
HIST3H3	13.1107646450591	4345.24925060716	0.915280098815665
DQ589067	11.0185072465928	16332.2482792124	0.913354646516021
MAP3K8	11.7763501184333	7206.54325984399	0.921873864709729
LYZL2	12.8025875810945	37619.3384874972	0.971663154835428
DQ588224	10.8588508534036	181735.354833636	0.925488628932645
DKK1	11.3155142413588	5836.26931542074	0.903473079997094
DQ574810	11.3492148365714	20541.9554679752	0.929448521397951
LIPF	13.1841182128102	7642.97433828765	0.94243624209838
KIF11	-13.495229037489	3602.60253940934	0.902710164934971
TM9SF3	-13.9313382266701	4049.44088182044	0.911356535639032
NKX6-2	14.5434659467279	5537.35751279186	0.92993896679503
C10orf93	11.8594415299438	5772.3382884288	0.917332703625663
TH	14.9871475439917	6255.92789678195	0.935933299425997
OR2AG2	15.3122869331404	10109.785071147	0.95522415171111
MTRNR2L8	-18.4857618072422	10250222.8222421	0.999745694979292
DQ592438	11.3289883808405	18989.8676839815	0.927595727675652
AB231721	13.8312878849123	16800.5817090477	0.967612439148442
FTH1	-13.2769263561808	20832.6972600076	0.970155489355518
SCGB1D1	12.703827875815	3674.39890148872	0.902546683135944
DQ593252	-11.5378147964926	175210.056440169	0.952681101504033
AB231703	13.1149897305346	9659.88723999575	0.951028118869433
CCS	11.5349365018506	7743.12009065206	0.916896752161593
TBC1D10C	13.5146548706492	3846.94563373659	0.907560124972753
NUDT8	13.2829470720534	4359.9694123156	0.915861367434426
AB231784	12.8280992277323	10288.2592991738	0.950428685606336
MMP12	12.8464564968399	7205.41466369429	0.938766983942454
CARD16	13.6127775259873	10430.097650547	0.9553694688658
AL833634	14.1809285928969	11244.5460747353	0.958511952335973
UPK2	13.4667175285885	4076.11485399404	0.911683499237085
MIRLET7A2	14.2651868895571	64620.4590558602	0.986122211727094
BC031979	12.7157623063867	5536.9096455044	0.926905471190874
C12orf53	12.7593080131566	4648.29025859726	0.91822277119814
C12orf39	16.0201894207219	11641.6492998885	0.960019617815883
HOXC13	13.7632759753532	9598.76033334767	0.953153382256775
HOXC11	13.1942606859666	5166.19662253521	0.925197994623265
OR6C2	-14.3465831249299	692693.093168801	0.997002833684516
SUOX	11.7683505234269	10854.6894694628	0.931809925161665
RPL41	-11.4253190584075	42432.8941996082	0.939602557581923
MBD6	15.0034671787635	7553.85266418065	0.943816755067936
BC044741	11.3850301865128	11419.7353515906	0.921201772869287
LINC00173	11.9285446359419	9109.65485470695	0.932245876625736
OGFOD2	11.7017453099885	4442.38505993077	0.903545738574439
AK055957	14.8469738853113	6267.30973418319	0.936005958003342
BC048997	14.4569066642006	7537.53889241123	0.943671437913246
C1QTNF9B-AS1	15.4383612354391	29621.3018932898	0.979401293322677
C1QTNF9B	14.0201160339777	22006.5911203483	0.973661265712417
GSX1	11.9366911949831	5356.43964674678	0.916315483542832
C13orf33	13.7147313136275	12362.5227929863	0.960637215723316
DQ594776	11.5638811821209	24660.9085345997	0.938712490009446
AK097816	12.79451973293	11659.9612540407	0.953171546901112
PROZ	13.6991280403314	4052.37326993754	0.911374700283368
DQ591735	11.6133018606475	28465.2931956664	0.941836808835283
RNASE10	14.6451289963123	5165.99523619756	0.92605173290707
RPGRIP1	12.2259739677487	11272.6871416291	0.943798590423599
TRDC	12.3320194208655	3800.95911166699	0.903218774976386
IL25	11.3611519328583	5491.27092342974	0.902601177068953
PNN	-12.205849696331	5029.06036802872	0.918150112620795
GPX2	14.1446713832096	5370.28559129366	0.928068008428395
SNORA79	12.2787519920403	418899.172726141	0.976258809852503
BC040628	15.2039387550299	7520.05239707037	0.943671437913246
DQ587983	12.731976066669	50230.5951831134	0.972880186005958
DQ574857	13.0943102238254	64573.7419457974	0.98030952553949
SNORD114-3	12.2330478397331	136576.645775094	0.971590496258083
SNORD114-4	12.2330478397331	97179.5364168935	0.969556056092422
SNORD114-5	12.2513633166019	148345.274914064	0.97262588098525
SNORD114-6	12.2513633166019	144166.53477564	0.972444234541888
SNORD114-12	12.6781967510085	185953.164100388	0.980963452735595
SNORD114-13	12.4158546242954	188494.731319896	0.976603938094892
SNORD114-14	12.6781967510085	185953.164100388	0.980963452735595
HSP90AA1	-11.3694224976262	18463.0623124158	0.928322313449103
ANKRD9	15.0019550686997	4768.48188281264	0.921637724333358
BC017818	12.698957564652	5167.77600681984	0.923000072658577
MGC23270	15.0571499911691	13526.5211721532	0.963870522415171
PLD4	15.3553463613213	19742.2911299784	0.972971009227639
TMEM121	13.3457991419295	3725.16797630267	0.905126062631694
immunoglobulin	epsilon	chain	constant...	12.5655533744052	24908.3195488035	0.963416406306765
AY748447	13.1231233088741	4391.7668848278	0.915879532078762
Ig	alpha	1-[alpha]2m	12.8792000572376	11516.5777590437	0.954061614473589
epsilon	IgE	14.0989542897132	19195.750282699	0.971336191237376
IGHCgamma1	12.680047255755	6117.26943270378	0.93072004650149
Z49973	12.4076062862457	4411.27550757482	0.912900530407615
OR4N3P	14.1038095109915	6406.99364789666	0.936823366998474
DQ588973	16.5943562089973	835049.079936524	0.999128097071859
DQ595055	13.7637047491506	730622.796003444	0.995204533895226
SNORD116-4	14.2412924013697	46696.3713012951	0.983070551478602
SNORD116-11	12.0394213079769	16472.2688297291	0.946377969919349
SNORD116-12	12.0394213079769	16472.2688297291	0.946377969919349
SNORD116-15	11.7619537823225	13589.5629155071	0.935860640848652
SNORD116-16	11.7619537823225	13589.5629155071	0.935860640848652
SNORD116-19	11.8145135850237	14093.9277511779	0.937513623483252
SNORD116-20	12.4532607931475	14095.3279331947	0.951700210709874
SNORD116-22	12.4532607931475	14095.3279331947	0.951700210709874
SNORD115-10	12.0272648861342	12026.1061395154	0.94078325946378
SNORD115-11	13.9723018957386	107869.623001337	0.989210201264259
SNORD115-17	12.5620691413942	17424.061248952	0.957930683717213
SNORD115-44	11.680980912809	9459.21151222097	0.92663300152583
DQ575284	10.91633958815	14724.2991819545	0.906960691709656
FLJ00278	12.6809357473306	195079.920050601	0.981072440601613
RHOV	12.1720744572686	3798.18410164445	0.902183390249219
BC031952	12.4574560568511	18190.0341588323	0.956695487902347
CHAC1	12.2417385196713	6939.21831166654	0.930538400058127
C15orf44	10.3726061257175	234568.157378597	0.901220664099397
SNORD18B	12.1198737714763	15021.9173309802	0.946941073893773
SNORD18A	11.1410087768677	20352.8540880447	0.921601395044685
STOML1	14.3178798876949	5311.68665455528	0.927541233742643
DQ572823	12.8842947676388	61599.7854738275	0.977276029935334
DQ581594	13.1797322390865	358009.873246685	0.990354573857444
SEC11A	-13.101113261406	9995.42979777156	0.95191818644191
DQ598122	12.2633079475454	38715.9017133137	0.962453680156943
DQ596488	12.2633079475454	38715.9017133137	0.962453680156943
DQ596667	11.7463532667565	27054.0591450905	0.945869359877934
DQ576504	11.7456267955166	27040.4354972304	0.945869359877934
DQ588655	11.822045316267	28511.7894661184	0.947940129332268
DQ582158	12.0673522459764	36211.890895529	0.95731308580978
DQ599802	12.0673522459764	33797.7648358271	0.956804475768364
DQ583486	12.2592417161216	37361.5282552579	0.962199375136235
DQ580504	12.2592417161216	38606.9125304331	0.962453680156943
DQ586639	12.2592417161216	39938.1853763101	0.962617161955969
DQ580783	12.2592417161216	36193.9804972811	0.961890576182518
DQ590038	12.2592417161216	39938.1853763101	0.962617161955969
DQ599537	12.2084773762072	38557.0293518751	0.961254813630749
DQ591781	11.2348047969497	18363.1315781291	0.923635835210347
DQ580421	11.3962615393952	21223.1378609789	0.93159194942963
DQ573962	11.3962615393952	21223.1378609789	0.93159194942963
DQ578058	13.1431209641798	76338.3994319679	0.982180483906125
DQ571124	13.1431209641798	66796.0995029719	0.98103611131294
DQ586064	13.1284274492511	68252.0510966963	0.981217757756303
DQ592588	13.1284274492511	72959.089103365	0.981835355663736
DQ582013	13.1284274492511	66119.1744999245	0.980908958802587
DQ595590	13.1284274492511	68252.0510966963	0.981217757756303
DQ571165	13.1284274492511	70527.1194665862	0.981417568844002
DQ601182	13.1284274492511	72959.089103365	0.981835355663736
DQ597589	10.9720590822563	16359.8789591685	0.911520017438059
DQ594400	10.9720590822563	15814.5496605296	0.910956913463634
DQ599954	10.9720590822563	15304.4028972867	0.910302986267529
DQ597539	13.8065974784008	109215.283904357	0.98886507302187
DQ593624	13.0908823036046	68715.1743011963	0.980836300225242
DQ593864	13.0908823036046	66498.5557753513	0.980473007338516
DQ575740	13.2466158892434	85054.190911932	0.984432899803822
DQ582460	13.2321666134898	78399.1526281807	0.983452009009664
DQ593630	14.0715347925503	140283.398580164	0.991408123228947
DQ588439	15.6797020048264	413434.336104645	0.997729419457967
DQ597703	15.6797020048264	400097.744617398	0.997711254813631
DQ586526	13.8756228940433	122469.304550716	0.989773305238683
DQ593627	11.9199539054712	31566.6886567751	0.952263314684298
DQ586138	11.9199539054712	32694.0703945171	0.952771924725714
DQ586246	12.4204084031228	43170.8345635579	0.966068444379859
DQ579816	12.4204084031228	44659.4840312668	0.966250090823222
DQ591415	12.7509237175932	56159.7219490119	0.974260698975514
DQ576999	13.8756228940433	126843.20828467	0.989991280970719
DQ588406	13.8721324585956	118100.897793964	0.989555329506648
DQ601306	12.7635382521643	56652.9919577387	0.974642156506576
DQ588329	12.7635382521643	54764.5588924807	0.974206205042505
DQ576947	12.628594398046	49873.6693107142	0.971227203371358
DQ576544	14.2632847510439	149888.464854352	0.992261861512752
DQ596816	14.2632847510439	154884.747016163	0.99246167260045
OR4F4	14.2632847510439	5061.5930397439	0.925161665334593
HBA2	12.4932147432222	5849.30882711886	0.927432245876626
HBQ1	13.8777794154917	5447.0490882637	0.928867252779191
FAM195A	12.2931106028551	8798.44521679107	0.938385526411393
WDR90	13.936816005078	9531.91786463808	0.953098888323767
HAGHL	14.6436674860812	3500.24061069821	0.90091186514568
C16orf59	14.9905921437685	5146.39644478646	0.925888251108043
PRSS27	14.9869725612946	3714.15512683258	0.905089733343021
DQ587956	12.4389517484608	46852.932991951	0.967448957349415
AF086126	14.0552587392804	14547.9283748016	0.964778754631984
RRN3P3	11.9090838572437	4208.90677514176	0.905107897987357
DQ598207	11.5118530998144	22252.4633059243	0.936133110513696
DQ590011	11.5118530998144	22994.2120827885	0.936441909467413
DQ583840	13.3929753402787	81989.9618097901	0.985068662355591
DQ595581	13.3929753402787	87644.4419346032	0.985577272397006
DQ573186	13.3929753402787	81989.9618097901	0.985068662355591
MIR138-2	13.3398152400401	29163.4427743809	0.974932790815956
AGRP	12.6393393109006	4483.82315455821	0.915261934171329
CLEC18B	12.8065568776774	3964.15296491919	0.908650003632929
DYNLRB2	11.6321373829887	9282.33952377172	0.924907360313885
RILP	14.9028071455339	4005.85370909937	0.910611785221245
SNORD91B	11.8647763865833	27363.8095849507	0.94890285548209
ALOX15	12.609387084409	6061.63780141286	0.929902637506358
DQ577610	11.0440611891154	38719.0564342649	0.924725713870522
DQ576593	11.0751809842432	40927.988898196	0.926832812613529
DQ571776	13.1894375795609	183598.812857083	0.988192981181429
MTRNR2L1	-11.7185751419719	82702.4229924453	0.955296810288455
CCL4L2	13.3414989753613	3580.42358992498	0.9022742134709
DQ581615	13.1879458755187	183409.054904746	0.988192981181429
AATF	-13.4877107832508	8416.82769967283	0.947377025357844
ZPBP2	12.8457216883546	4595.13318168278	0.918022960110441
GSDMB	11.791936980952	6339.01695380784	0.918549734796193
ORMDL3	13.0762452640491	4679.71158481604	0.919675942745041
LEPREL4	12.557505144208	7007.66485944834	0.935006902564848
C17orf69	12.4910347014573	9647.52861924357	0.944216377243334
BC031827	15.1665012699552	10370.3025874845	0.956041560706241
GH2	14.304439875629	4435.0721844748	0.917023904671946
CSH1	14.304439875629	5118.85205017541	0.925652110731672
KIF19	12.9921292026444	8286.4736062012	0.944615999418731
BTBD17	16.9733620584552	18120.5435165621	0.97082758119596
GPRC5C	12.7168853469862	12726.5074993211	0.954116108406597
DQ570973	13.0136326365071	65132.1549139969	0.97923781152365
DQ574804	12.0498038006964	33389.0554000248	0.956168713216595
NDC80	-12.4169045248993	3939.36408995381	0.906197776647533
DQ584035	10.8298765593008	14329.5720437815	0.902982634600014
DQ576414	14.1648308347665	140000.333343008	0.991644263605319
BC038429	12.3289074368477	6725.45697621597	0.930774540434498
DQ574670	12.3003870342263	37241.2984265242	0.962762479110659
MADCAM1	13.0406710449169	6308.70822117607	0.934698103611131
FLJ00277	12.6073910778301	3674.54485037437	0.902310542759573
IZUMO4	14.902236842523	7093.83988852151	0.941328198793868
FUT3	14.3252024730175	12811.4672598705	0.962290198357916
ZNF358	11.8255686778624	4378.3698663922	0.905235050497711
CTXN1	11.4411842301405	5878.03999620117	0.907396643173727
DKFZp547H118	-13.1040758380128	11273.0124060718	0.955423962798808
ICAM3	13.6044135994821	16453.957631331	0.966686042287292
STX10	13.1145366259405	10401.1204697756	0.953189711545448
OR10H2	14.977180769458	7406.74285100994	0.942981181428468
DQ601165	12.2688803683181	37612.0275868786	0.962453680156943
DQ589586	12.2688803683181	38865.7618397745	0.962653491244641
DQ597063	12.2688803683181	38865.7618397745	0.962653491244641
DQ592694	11.3084743149586	20658.3747495022	0.92828598416043
DQ600374	11.5015627569301	22830.7283084676	0.936096781225024
DQ592014	11.5015627569301	22830.7283084676	0.936096781225024
LRRC25	15.2179391612856	7412.14541739691	0.94301751071714
ISYNA1	13.1800066837769	4426.18036447448	0.916442636053186
DQ584913	12.3514157197167	41154.5346802669	0.964542614255613
DQ595898	12.3557067701595	39945.6266235557	0.964288309234905
DQ589342	11.2655365946999	20768.512928431	0.92692363583521
DQ590656	11.2655365946999	19383.9453998689	0.925742933953353
DQ584258	11.2655365946999	19383.9453998689	0.925742933953353
DQ596454	12.3346059077916	39365.5229082236	0.963743369904817
DQ576791	12.3346059077916	40677.7070051643	0.964034004214197
DQ589720	12.8750241812157	68267.3044053283	0.978057109641793
BC040412	12.5874539835418	9472.93771069527	0.945251761970501
DQ583499	12.8212200567147	58964.3142843443	0.976058998764804
DQ571149	12.8212200567147	53436.409820187	0.974987284748965
DQ574292	12.8212200567147	56998.8371415328	0.975713870522415
DQ600156	12.8212200567147	63332.0412683698	0.97656760880622
DQ588170	12.8087542790515	56508.3858185702	0.975532224079052
DQ593116	13.6265451223738	99613.6076478438	0.987593547918332
DQ585741	12.8063178193899	56413.0202835496	0.975477730146044
DQ572701	12.8063178193899	58358.2968450514	0.975895516965778
DQ574380	12.7588657195385	52826.5659389998	0.973806582867107
DQ582882	13.9979490665535	124706.689938796	0.990300079924435
DQ595116	13.9979490665535	128863.579603422	0.990445397079125
DQ578267	13.9979490665535	124706.689938796	0.990300079924435
FAM187B	13.1866731197389	3737.05254949495	0.905198721209039
COX6B1	-11.2636378025501	6629.86520577673	0.904690111167623
U2AF1L4	13.887021799013	23479.1765784379	0.974115381820824
PSENEN	12.819858335928	38614.6128464682	0.972135435588171
CNFN	11.3514025738304	7078.87259540055	0.909140449030008
CEACAM19	12.0799477056062	20817.7892968892	0.951645716776865
IGFL1	13.8891627843709	10830.0301555348	0.956986122211727
FTL	-11.7202051447953	6172.79542715565	0.916515294630531
RPL13A	-12.1106509295481	6162.33677939583	0.92454406742716
FAM71E1	14.0807808033256	21916.6302169759	0.973806582867107
CLDND2	13.3717753883377	8133.95162782922	0.945869359877934
SIGLEC8	15.5132629600614	5375.01258192884	0.928213325583085
SIGLEC12	12.5979494592401	7500.2026735211	0.937404635617235
LILRA2	11.4682315488555	5372.41174599621	0.90514422727603
GALP	12.348390707967	7880.91364245021	0.936223933735377
GRHL1	12.0012115828986	3810.18893861658	0.900312431882584
POMC	12.4976221321163	10310.4432729916	0.946014677032624
LOC400950	13.2290615813649	3519.23504704315	0.900948194434353
PKDCC	13.4657174007529	5202.7333994807	0.925979074329725
RTN4	-11.813940421199	5555.3170225352	0.914662500908232
DQ588163	11.4505309666807	35494.2167767492	0.939257429339533
LBX2	13.1943055816199	15444.2148065721	0.96299861948703
LOC151534	11.5428276594734	9224.0601244624	0.921783041488048
TLX2	14.6248835313098	10413.0888227513	0.956150548572259
DQX1	16.5451321238882	8527.19276638423	0.948703044394391
REG3G	13.5844559692094	7138.40923405142	0.941201046283514
REG1B	14.7658524824864	5241.24818257627	0.926723824747511
TMSB10	-11.6629877670112	34069.3408265481	0.945724042723244
RMND5A	-12.6585351153308	7411.2368875141	0.937368306328562
IGVK-A2	12.4836400571533	4379.16432618334	0.913064012206641
TEKT4	15.6034663305094	5318.5469911466	0.927777374119015
NEURL3	12.6881007661267	6787.6973520644	0.934698103611131
DQ573754	11.8337138144216	27816.1853029739	0.948012787909613
DQ593945	11.8337138144216	27816.1853029739	0.948012787909613
DQ574014	11.8337138144216	28743.3914797397	0.948394245440674
LOC541471	-11.1854229658993	19420.8046241327	0.922818426215215
SLC20A1	-13.5249156277283	10506.9974010173	0.955333139577127
ANKRD30BL	-18.0807022539154	253730.760349753	0.996566882220446
KIF5C	-13.3884269634245	4656.96592561104	0.920039235631766
PSMD14	-13.0876477775039	8077.94859743933	0.944470682264041
METTL5	-11.7638080176276	5787.84411117729	0.91520744023832
BC046497	-12.9744955686843	5236.51650969949	0.92527065320061
ATP5G3	-13.1018958518217	4233.3417913488	0.913917750490445
MTX2	-11.9939855066101	4049.02022559572	0.903981690038509
NCKAP1	-11.7514287946878	4980.53716803812	0.909594565138415
ZC3H15	-12.2734053946969	3665.89120714796	0.900566736903291
NDUFB3	-11.5918152852715	6378.12760102703	0.913808762624428
XRCC5	-13.2935422625644	4634.30917856384	0.919548790234687
RPL37A	-12.0688059174424	3967.58976580862	0.903672891084793
ARPC2	-13.6200813038907	9034.36282399221	0.950628496694035
C2orf83	12.1117814235269	4418.30963973719	0.910430138777883
PID1	-13.4285794290736	6185.1043165505	0.934716268255468
SPEF1	12.8537965037871	11451.1193601934	0.953516675143501
OTOR	12.5759114865682	4784.57399350727	0.918640558017874
C20orf173	12.7181594144363	3677.14431747657	0.902782823512316
SNORA39	11.2025576510948	10932.5266206255	0.913663445469738
DQ590432	12.4543401644376	508157.781322418	0.980000726585773
KRTAP19-6	12.5286757414502	4230.53414409055	0.911683499237085
SOD1	-11.0658218970892	11956.56214266	0.91068444379859
LOC100288432	13.4989781004238	21842.8514681751	0.97204461236649
DQ598454	10.4287563085133	86522.8605592984	0.901474969120105
KRTAP10-8	11.2960058894804	9200.41730499258	0.913754268691419
U84523	12.8954724043233	15002.4158296523	0.959619995640485
P2RX6P	14.48818756965	43793.9282931738	0.982925234323912
CCDC116	14.2728272263152	7861.16047066884	0.945524231635545
DQ570150	12.4025183333906	132666.230658631	0.974297028264187
BC015159	12.9392229892718	6148.11061178731	0.932972462399186
CDC42EP1	13.1373304107135	5631.65957093217	0.929630167841314
bK250D10.C22.8	-12.5626898575723	30345.4025065698	0.965614328271452
RRP7B	-12.6770306603794	9633.16801249489	0.94661411029572
UPK3A	10.9916231829967	11506.0942991123	0.906833539199302
SYCE3	11.6386018889976	21181.8819219004	0.939802368669621
ACR	12.6220454096934	5503.53168743634	0.925888251108043
AX747864	15.5366895494137	5195.41455087965	0.926306037927777
DQ583118	13.1042620525361	69355.4857506198	0.98103611131294
DQ577646	11.7686943267784	30529.3246986142	0.947558671801206
BC152380	13.7255427465751	19539.0836215338	0.970863910484633
BC037254	15.3071261939383	3468.52788198894	0.90033059652692
DCLK3	14.0728152988695	5430.18161223439	0.928776429557509
BC065373	15.1938547596647	5049.40610529277	0.92512533604592
EBLN2	12.1541586127232	3856.30809478826	0.903127951754705
DQ584669	10.7197276271778	51979.4678417875	0.913390975804694
KIAA1407	11.2408008176887	17481.404509133	0.923072731235922
UROC1	12.1141814064941	6123.28228175812	0.924362420983797
SNORA58	13.6067176603425	12489.8949230009	0.960728038944997
BC037929	11.8628901281134	3978.93149135207	0.900984523723026
SCARNA7	-11.4254497622038	13260.8625172088	0.925070842112911
C3orf43	12.3957801737599	4060.23627188079	0.907923417859478
GRK4	11.4895838388934	17307.5857519909	0.931482961563613
LOC100133461	14.3538237723752	7357.35306947479	0.942690547119087
ADRA2C	14.992570980499	3934.25959185377	0.909322095473371
HS3ST1	15.6120336924493	115272.560742143	0.992261861512752
DHX15	-11.632752671407	4861.33320905757	0.906052459492843
CSN1S1	15.6135171111543	163564.001079754	0.994314466322749
AMTN	12.1725780175706	3850.79241583549	0.903146116399041
HNRNPD	-11.5400761888542	10993.9677216948	0.925452299643973
AGPAT9	-12.584406824176	5131.98809259265	0.922237157596454
ANXA5	-12.3332481687185	12197.9003011205	0.947467848579525
LOC641364	-13.4094808643192	3707.20610316967	0.904762769744968
RPS3A	-12.9582559838913	9137.90179738646	0.948194434352975
SPATA4	11.4326611103342	7903.62682065264	0.914335537310179
DQ596042	11.9733118384112	81845.3829166697	0.962163045847562
SERF1	14.6746251165007	71855.9477230118	0.987811523650367
DQ591060	12.5853990353109	53780.3503798069	0.971263532660031
CRHBP	12.5275081460109	5524.00328647855	0.925343311777955
SNORA47	12.589453380843	10551.8590913972	0.947903800043595
RPS23	-11.7952933318241	6286.76898736746	0.918586064084865
BC107094	14.2237516368575	14277.8820092525	0.964542614255613
DTWD2	-14.0792869286628	5538.56631534397	0.929884472862021
IL9	13.0284778921277	13361.6046425038	0.959038727021725
FBXL21	12.1523324351225	4268.06413030396	0.909285766184698
CTNNA1	-13.0218066513591	4852.74468254358	0.92167405362203
SLC25A2	14.7794915968809	4689.86609809001	0.920674998183536
SPINK6	11.8767672917139	6958.07405421301	0.923526847344329
LOC285629	13.7380626894388	5660.95298012906	0.93086536365618
GABRA6	12.4196572738251	5255.86392708083	0.921837535421057
NKX2-5	14.8892877404424	7313.67672087823	0.942599723897406
CANX	-12.2345617758005	10891.4573148125	0.943126498583158
NOL7	-12.4181984794451	13465.1156647106	0.95055583811669
RANBP9	-12.7025864435297	4691.58782581791	0.918259100486812
OR2H1	13.2949492836886	5624.44406848973	0.929902637506358
HCG4B	13.4970170695774	8285.82629559385	0.946777592094747
DQ580846	12.8052723614552	62635.7214888549	0.976313303785512
HLA-DMA	16.8547020923132	81764.0983452514	0.9900821041924
DQ597035	12.3798208423007	112106.954672435	0.973098161737993
DQ577977	12.3798208423007	120114.594291894	0.973643101068081
DQ589683	12.3798208423007	115972.711730105	0.97340696069171
DQ594410	12.3001852180195	102663.195791886	0.971172709438349
DQ582841	10.9861251125042	42653.5978817781	0.923381530189639
BC015662	-11.4334132148191	5602.23851195488	0.905344038363729
HSP90AB1	-13.0007804357029	19839.8931597914	0.966613383709947
EEF1A1	-12.4681581922065	21916.4886304738	0.960110441037564
CITED2	11.6689038194194	6921.66430499341	0.918041124754777
LOC154449	12.5433001247683	4013.40556372196	0.908177722880186
SNORD93	12.3504604172195	16673.2246153568	0.953262370122793
AX721280	12.4866157263785	5110.22214712261	0.921292596090969
PURB	-10.8457571064938	55236.5879218907	0.919203661992298
DQ575984	-10.4280326071521	70682.8603805363	0.900112620794885
NCF1	12.029777751979	10135.0762973604	0.937023178086173
STYXL1	11.9065216752032	93219.0973691976	0.96120031969774
BAIAP2L1	-13.2035472343363	4077.31711360912	0.911392864927705
LOC645591	15.0513757239231	9364.92844220859	0.952917241880404
BC061919	11.304449651212	13375.3678344053	0.920802150693889
BC007100	14.2063428036092	3984.57650199102	0.910212163045848
ST7-AS1	11.9871297221288	4142.28077553016	0.905398532296738
C7orf45	12.3704684954015	9114.62585054917	0.940765094819443
AK057978	13.6223779136608	3592.18896984612	0.902619341713289
TAS2R4	14.0718246243755	4521.1510863293	0.91836808835283
TAS2R5	12.8520703918998	3538.01905207748	0.90076654799099
OR9A4	14.0622292962929	4277.31339146394	0.915043958439294
MTRNR2L6	-13.957822098397	34469.2235410421	0.979183317590642
DQ590227	11.9761561106746	33993.1825297455	0.95487902346872
DQ583756	11.2296185774531	21815.9050670381	0.926306037927777
MIR124-1	13.6887149574941	36706.0313854545	0.979110659013297
BC043205	18.3275735866061	139848.36989003	0.993805856281334
C8orf71	14.9465640286469	9248.7198971731	0.952372302550316
LOC286189	-12.9039936645693	12287.1289098991	0.955878078907215
SLC7A13	14.0131966459098	12569.3875770164	0.961490954007121
TM7SF4	12.9494708972528	6374.89246940393	0.934589115745114
LOC100131726	13.0626793206427	4595.23323348057	0.918567899440529
PTP4A3	12.594273478016	8611.1907646932	0.942072949211654
GPR172A	12.9610710064797	9851.95512353676	0.950574002761026
ADCK5	12.9692129456617	11985.8748963435	0.955878078907215
RPS6	-12.6684917459554	17310.9933108691	0.959020562377389
DQ585850	13.2573586616122	77120.9650308619	0.983470173654
MSMP	14.38128401064	7276.45289145346	0.942363583521035
DQ596352	10.9745413646212	18278.9964879805	0.913336481871685
DQ586551	11.6934150514112	95522.0655019458	0.955242316355446
FAM27C	11.0775771314075	9356.6809558998	0.906379423090896
FAM27E3	12.8450663862801	4696.57200225063	0.919367143791325
FAM27A	13.2362202258911	9360.04235531174	0.950810143137397
BC039385	12.5325171562059	4550.57472699077	0.915570733125045
DQ596925	12.0043682550341	33469.3015475785	0.955115163845092
DQ597713	11.8587883618184	28303.9997908668	0.949266148368815
DQ586158	14.1528258075352	148415.307009746	0.991844074693017
DQ592725	12.5276390901555	133076.52211305	0.97714887742498
DQ582032	11.8254177519545	76331.2553918807	0.957113274722081
DQ584769	11.8254177519545	73868.9568308522	0.956858969701373
MIRLET7A1	13.3084293515393	29962.5709478689	0.975005449393301
MIRLET7D	13.3086752978484	27556.4871869576	0.973915570733125
MIR23B	14.0424014440443	58630.6673691195	0.984868851267892
BC042955	11.3607921146804	6859.81547751854	0.908577345055584
TAL2	15.0592801623397	12298.5504536361	0.961690765094819
PSMB7	-11.3120968995427	24013.3782265773	0.930066119305384
C9orf106	12.5347828001432	8505.05306363496	0.940710600886435
AX747401	12.1055457147417	4045.90348508347	0.905543849451428
LQFBS-1	-12.424916575596	6933.85555337646	0.932754486667151
MED22	11.7532930116754	4249.40932752583	0.902673835646298
PAEP	14.6528988104262	4804.45396344729	0.922091840441764
BC101937	13.3908861241028	20975.2928196799	0.970918404417642
TUBB4B	-12.6803079524649	8337.92749135305	0.941673327036257
FAM166A	-11.7566193509726	7773.11968178597	0.923599505921674
DQ582201	-14.6956918199943	1508378.02142976	0.998365182009736
TVAS5	-19.508329201083	50331942.5911972	0.999872847489646
STRF6	-18.5097063733818	1736961.16279189	0.999600377824602
MTND5	-16.4288677445821	1129102.68024332	0.999255249582213
AF079515	-14.0766313458916	88990.8193227548	0.988410956913464
APOO	-12.2131593560048	6662.9004837131	0.92857661846981
EIF2S3	-13.268727990575	4505.61717005186	0.91778681973407
VENTXP1	-13.6738874214583	10608.0239725495	0.955968902128896
GPR82	14.9884580121137	42272.0442329655	0.983161374700283
MAOB	10.8024693432982	22104.9472255082	0.908541015766911
PRICKLE3	12.9860810937481	8348.08042348311	0.94481581050643
FOXP3	12.352942480162	4359.99449289889	0.91204679212381
SNORA11	12.5510230496522	28908.7047717552	0.964742425343312
TGIF2LX	14.1853343647634	4996.74706909782	0.924380585628133
AK026512	13.812116410629	3876.94337961029	0.908141393591513
H2BFWT	12.3388047450198	5367.93306647377	0.922164499019109
H2BFXP	14.4972792644455	6592.01290827616	0.938149386035021
KCNE1L	15.3796815521877	6876.58956855858	0.939929521179975
SNORA35	12.8073625202757	13128.811913286	0.95624137179394
ZCCHC12	15.4390775768725	4745.76251963355	0.921401583956986
AK057519	12.1377622894976	4437.24162833939	0.910920584174962
TFDP3	11.3768864588961	9741.23229018168	0.917496185424689
MIR92A2	13.386232561025	33731.1498995364	0.977076218847635
MIR106A	13.3862325610251	31232.5462032744	0.976022669476132
CT45A2	12.7847380979665	3715.95007276067	0.903872702172491
CT45A3	11.9684588210292	3851.93360015729	0.900821041923999
SNORD61	12.3825909935931	17282.3405913829	0.954461236648986
SPANXA1	12.9948029652764	5022.46005833378	0.923635835210347
MIR105-1	12.6083576562541	18214.3938036483	0.959329361331105
TTTY8	11.1865568877886	6197.29660678636	0.900366925815593
TTTY18	14.9708230181737	34334.9512215088	0.981126934534622
TTTY19	14.9713668481633	28218.9040371898	0.9785112257502
TTTY11	10.9679115304467	9097.51981300439	0.90140231054276
RBMY1A3P	14.3326196400395	17776.9404423759	0.969846690401802
TTTY20	12.9713668481633	29305.6998720776	0.971299861948703
RBMY3AP	11.7354858790967	7700.71747885037	0.923018237302914
TTTY17A	14.0270881089802	23763.784995256	0.974714815083921
DQ579249	13.4287158270657	89843.0168306427	0.985995059216741
PRAMEF20	11.3447146540973	5560.90419967914	0.90241953062559
CATSPER4	12.5618394187823	12925.6084646639	0.952335973261644
RNU11	13.3572954689886	110439.095687406	0.986866962144881
FAM183A	11.4422759948451	9074.07111121905	0.918095618687786
BC039493	15.3989554049926	26641.6508078582	0.97773014604374
RBM14-RBM4	-12.5048162353364	7937.68270692779	0.938222044612366
hADV14S1	13.9761278055823	9378.99174438118	0.952590278282351
TRAV1-2J6	15.8771915519728	158028.938792565	0.994241807745404
PSMB11	15.8771915519728	7509.2948739867	0.943671437913246
BC153822	13.310464145187	4514.06966346586	0.91793213688876
SNORA67	13.2230617709557	15910.3563096068	0.964015839569861
PIRT	12.6594582583042	7246.03089368896	0.936768873065465
KRTAP2-1	12.3224984667994	3632.06152805429	0.900167114727894
MIR187	12.8373343807822	15863.9858507219	0.960074111748892
SLC25A41	12.7437191086446	3761.68954592249	0.90456295865727
SNORD105	12.6191065753481	17487.0712101432	0.958620940201991
SNORD105B	12.6191065753481	16156.5331832845	0.957131439366417
SNORD23	13.6449726141825	27516.6083309157	0.975477730146044
SNAR-A12	13.4837720024757	22186.9461325212	0.972062777010826
SNAR-G1	11.8608024608316	6864.45407675217	0.922545956550171
KIR3DX1	11.9514578481741	4314.35600150793	0.906779045266294
C2orf70	15.0967916071222	11914.2129556869	0.960582721790307
LINC00479	15.9609051981641	7413.82754961319	0.943053840005813
DKFZp586E1322	12.1388266221297	7260.25622793638	0.930393082903437
MIR3653	13.208637045737	23299.912260365	0.970882075128969
BC152379	11.7319133262659	4905.30819351218	0.908867979364964
SNORA63	13.0298211184139	1871751.34135126	0.990172927414081
SNORD123	12.1023890402885	11805.2752347585	0.942254595655017
LOC728554	-11.1871848565783	7505.11979987881	0.905035239410012
AK310146	12.0828694266025	5061.30680724228	0.916660611785221
HPVC1	12.0492373735321	4274.19918324872	0.907850759282133
DQ571357	11.4569504100274	102162.921456298	0.947576836445542
DJ051769	11.0843417902432	10257.1035356259	0.90801424108116
TCRBV5S3A2T	13.5829314956934	82510.7708230282	0.986067717794086
TCRBV5S2	13.5829314956934	28878.7697880599	0.97593184625445
LOC100132396	12.67254498303	6535.43572558787	0.93324493206423
AK311257	11.8041473592628	14157.6024372671	0.937404635617235
MIR384	11.5778251735603	8205.84554445488	0.919930247765749
LCE3A	12.8670302726903	6537.55884473809	0.93518854900821
MIR135B	12.2633079475454	11973.9902206125	0.94574220736758
OR2AK2	14.332287293746	4835.5094903043	0.922473297972826
MIR511-1	14.4324003117555	60051.2362380372	0.986213034948776
AK303207	14.5924070329163	3845.37163254607	0.907614618905762
FAM25B	13.415713371597	44489.386227999	0.979582939766039
DQ577219	13.1727880441777	101565.085129055	0.984723534113202
DQ597117	13.148998708406	103234.008336321	0.984632710891521
DQ593224	11.4377411654956	36368.2223087213	0.93898495967449
LIPK	11.8884294430288	9787.84580216651	0.932827145244496
FRG2B	16.3264939953056	21819.488727591	0.97491462617162
DUX4L3	12.7973992423383	12007.9488613189	0.953879968030226
MIR210	11.3425041435303	5576.34270898764	0.902510353847272
OR10A4	13.6311386655843	7017.49897258603	0.940474460510063
OR2D2	14.4978186342913	5897.32712852206	0.933190438131221
OR2D3	14.368600270228	5033.67697352529	0.92483470173654
DQ595261	15.4403127421065	362297.182793692	0.997166315483543
DQ580332	15.4403127421065	404100.703885272	0.997565937658941
DQ588034	15.4403127421065	375236.367893467	0.997329797282569
DQ599212	15.4403127421065	350220.610033902	0.997111821550534
DQ587623	13.8888429626143	132752.095808702	0.990209256702754
DQ592381	13.8888429626143	119476.886227832	0.989555329506648
DQ589460	13.8888429626143	119476.886227832	0.989555329506648
DQ590971	13.8888429626143	132752.095808702	0.990209256702754
DQ597700	13.5380633179258	90665.1491890758	0.986594492479837
DQ583098	12.2789121838315	108136.765305759	0.971172709438349
DQ598733	12.2789121838315	116146.896069148	0.971626825546756
OR4C3	12.8243369120051	4623.30875202588	0.918259100486812
OR4A47	12.7933662350668	4200.49920846842	0.912573566809562
OR4C13	13.995353987018	3750.20342827409	0.905816319116472
OR8J1	13.3961372445482	7385.53699603065	0.942018455278646
OR5R1	13.6175424889783	8135.56043385231	0.946450628496694
OR5M9	13.6175424889783	8501.79145016721	0.947958293976604
OR5M3	13.6175424889783	7547.26110657089	0.943289980382184
OR5M11	15.0049178110316	8463.4980495094	0.948339751507665
OR6Q1	15.2535194565982	9675.71010738213	0.953898132674562
OR9Q2	15.2562635710584	8523.68843150419	0.948648550461382
OR1S1	14.7704131959663	6752.40480423488	0.939202935406525
MIR326	12.8014325209494	17754.4071200553	0.96183608224951
AK124326	12.6296829025569	5162.5976690166	0.922527791905834
CCDC153	10.7459456695002	23484.9384428527	0.907051514931338
MIR125B1	13.4829004669493	30740.5976184589	0.976167986630822
OR8B12	14.8614933303882	7539.36005835096	0.943762261134927
OR8A1	14.8614933303882	7170.46170687201	0.941873138123956
DQ584103	11.749980145831	27122.1773843909	0.94588752452227
POU5F1P3	16.7865681167046	24643.5260777842	0.976803749182591
LOC100240734	12.9610913941975	3753.13811533412	0.905253215142047
OR9K2	18.8374033479228	1149545.29896874	0.999473225314248
OR6C1	-17.5326416088786	692756.583881727	0.998837462762479
OR6C4	-15.196158446632	699401.893164377	0.998183535566374
OR10P1	-15.5842890994811	690496.653648863	0.998456005231418
DM110804	11.351754308234	50404.5126481754	0.938530843566083
LOC647264	15.4379537809933	20289.0764114379	0.973461454624718
OR4K14	14.5802964076248	6204.15495618038	0.935406524740246
OR4K13	14.6275909693605	6537.03544023491	0.937822422436969
OR4N5	13.4078367368848	6452.07482201475	0.936569061977766
OR11G2	14.6275909693605	5762.41563373308	0.931828089806002
OR11H6	14.6275909693605	6023.55229387204	0.934134999636707
OR11H4	14.6337879136937	6161.16525361075	0.935115890430865
DQ580323	15.1254858639626	291266.301537031	0.996494223643101
DQ573937	15.1254858639626	291266.301537031	0.996494223643101
MIR136	12.4647832900751	16287.6496469653	0.95473370631403
MIR134	13.6075733795921	359016.283838644	0.9933880694616
MIR369	11.2490227721741	72979.4870990232	0.938004068880331
DQ575576	11.8754872249186	29588.0576470642	0.950519508828017
DQ593983	13.1035536835968	230561.947160832	0.988211145825765
MIR190A	11.1713046937398	6408.64132675139	0.900603066191964
DQ576060	13.2126128861014	230415.446267134	0.989173871975587
DQ580467	11.0482694594216	18525.377195238	0.916533459274867
DQ593143	13.0649099450593	65311.97999399	0.979964397297101
DQ596932	13.6332375880204	111196.457416763	0.988192981181429
DQ578124	13.8118124250527	130689.810927274	0.989991280970719
DQ584883	13.8118124250527	117170.175314108	0.989337353774613
AK301679	12.72448281199	4203.69320579701	0.912119450701155
DQ600835	12.2502295513626	89358.1555301594	0.969428903582068
DQ592701	11.9225390069464	66747.9683743884	0.958784422001017
DQ587527	11.9117351452241	70666.5106661381	0.958857080578362
MIR193A	12.3983918608393	14494.3975453208	0.951336917823149
KRTAP4-7	13.9252273886898	3918.82462735036	0.908922473297973
MIR196A1	11.629143675482	10689.5973114767	0.927668386252997
MIR122	14.146785623591	50424.2433894982	0.983560996875681
DQ587284	13.1135827431074	69805.0661300022	0.981163263823294
DQ575167	13.0991525438069	66880.8968604566	0.980672818426215
DQ582989	13.0991525438069	69110.2600891385	0.980999782024268
DQ580366	11.448087588613	22758.2956437963	0.934389304657415
LEUTX	14.1472467913915	9206.6422392178	0.951936351086246
SNAR-A3	14.401833098281	42272.0944125144	0.982489282859842
MIR150	13.7966368440571	40028.3019427898	0.9801642083848
SNAR-B2	14.401833098281	42624.361865952	0.982616435370195
MIR217	14.304563194552	43467.4229481785	0.982289471772143
MIR216A	14.304563194552	43467.4229481785	0.982289471772143
DQ599716	11.7110633069496	26400.124047807	0.94452517619705
DQ600792	12.2474870535834	44184.886880367	0.963252924507738
MIR149	14.041217863455	44759.7270293675	0.981944343529754
DGCR10	11.6251797380844	10206.4483555217	0.92677831868052
GSC2	11.6887149574941	5047.41706897678	0.908940637942309
GGT2	13.5718574862435	3775.9045444844	0.906270435224878
MIR130B	11.7998217283304	10271.6461224132	0.931428467630604
DQ596940	13.1155521415244	72310.7913776098	0.981562885998692
MIR33A	13.1155521415244	30391.4920282708	0.973479619269055
DQ586951	12.7403874657277	59880.7171438178	0.974623991862239
IQCF5	14.7084783755803	11981.7011205152	0.960655380367652
LOC728405	16.213644339242	11273.2007122179	0.958947903800044
ANP32C	-11.598513318475	6998.60967048818	0.916533459274867
RNU5E-1	-11.9161977931336	61498.020030048	0.958257647315266
DQ596041	12.2505627326455	41116.4041251556	0.962762479110659
DQ574682	11.9600072587564	83797.0144192011	0.961999564048536
OR10C1	11.1015493820783	18956.586050151	0.919348979146988
MAS1L	16.1281919726931	14886.0158225953	0.966141102957204
PSORS1C3	12.1655458119523	4213.14556152459	0.908831650076292
RP	16.0444636275103	12984.6044371485	0.96299861948703
DQ601342	12.2939417599326	42371.725963691	0.963616217394463
CCL24	12.4832043153461	3757.64740931902	0.903364092131076
TCRBV5S6A3N2T	12.322846470561	9747.46432783043	0.941963961345637
TCRBV13S1	12.322846470561	29180.3072234414	0.960564557145971
DQ581988	-11.5199698654533	173055.478067134	0.951990845019255
DQ601751	13.3775836966635	83823.7997780182	0.985195814865945
DQ579694	13.3775836966635	89811.2140478767	0.98570442490736
C9orf152	12.2260176495942	4099.47747664237	0.907723606771779
OR1J4	14.2244449485985	4801.60526631914	0.922019181864419
OR1N2	13.9473523754806	3758.98097888333	0.906016130204171
BC018860	-15.6852306882255	2269796.52643831	0.999273414226549
OK/SW-cl.16	-18.0632996997787	390851.856754096	0.99791106590133
BCYRN1	-13.5455049688856	95143.1509570171	0.986975950010899
MIR105-2	11.16044419932	6674.65948661538	0.901075346944707
DQ600137	12.2063669339571	36016.7423697151	0.960728038944997
5S_rRNA	12.9575458437052	5489105.77664396	0.989355518418949
MIR4632	12.7042018350136	20214.4338227495	0.962490009445615
MIR3675	11.821615236503	18237.9254737474	0.942254595655017
MIR3659	12.8174224840571	17226.96273184	0.961418295429776
HH834010	11.6855334548946	8021.72784141168	0.92274576763787
SNORA2	13.1225638422195	15381.2458820857	0.96241735086827
TRNA_Cys	10.4674954499105	62960.5483955605	0.901493133764441
Mir_448	14.1622472828094	38680.7576281518	0.980999782024268
BC047032	18.0572375445574	91542.6911362951	0.990972171764877
MIR190B	12.7177713396689	46924.2285975208	0.972226258809852
MIR4654	11.6117080694908	9727.37110810162	0.924998183535566
MIR3119-2	11.5464680759275	8312.74646295936	0.919040180193272
MIR3119-1	11.5464680759275	8312.74646295936	0.919040180193272
DQ593451	11.0801921330039	18263.6242952236	0.917732325801061
DQ592690	12.8570885194721	58433.9106923974	0.976476785584538
DQ587855	13.493107907719	90812.7311302361	0.986376516747802
JA429801	11.2000174934617	26461.3942517901	0.926814647969193
JA429802	10.9230436725495	19938.2787737803	0.911955968902129
JA611272	11.5932517903506	8793.73358062978	0.92196468793141
MIR4260	11.9192810347931	13656.8209471361	0.940310978711037
MIR3122	12.822942927081	23452.173444178	0.966558889776938
U6atac	11.5713832861151	630651.690386157	0.955714597108189
Mir_384	11.6606126063147	18569.7132099644	0.938167550679358
MIR1915	11.8130582312649	10625.5057664765	0.932282205914408
JA682651	12.1377029717018	50695.8531006803	0.962235704424907
MIR3156-1	11.5364225449918	9355.71914829225	0.9221100050861
MIR4294	12.3009259738903	41897.2882538377	0.963652546683136
JA429001	13.7143747191465	151238.374308025	0.990463561723462
RNase_MRP	11.3099618119591	27753.158795917	0.93159194942963
FU270182	11.3740989839855	46485.7171367351	0.938385526411393
FU270198	10.8429392595416	48111.8667514823	0.917913972244424
FU270200	12.0632766596485	48146.2847154379	0.959583666351813
FU270193	11.4245294515247	48140.0172340298	0.940456295865727
FU270211	11.0632766596485	48135.0320307399	0.927377751943617
FU270189	11.4245294515247	48140.0172340298	0.940456295865727
DQ597779	11.4877271198718	22612.7499427064	0.935570006539272
DQ592472	12.1410215551563	38109.4704188964	0.959801642083848
DQ582272	12.1410215551563	34421.4571525516	0.958911574511371
DQ597620	13.0965909873625	68987.6472583978	0.980981617379932
DQ579258	13.1127378915412	69764.195186422	0.981163263823294
DQ596518	13.0540952955612	64824.1655060971	0.97987357407542
DQ577458	11.0506241225669	16161.3742949365	0.914335537310179
DQ596791	12.3360544481673	42122.6668435289	0.964542614255613
DQ579048	12.3360544481673	42122.6668435289	0.964542614255613
DQ599234	11.8064770099911	42104.9634399119	0.951591222843857
DQ571693	11.8050279846499	39348.9616596787	0.951046283513769
DQ577365	11.8050279846499	42062.6831534496	0.951591222843857
DQ582762	14.5645239363329	212056.863740843	0.994405289544431
CPEB3_ribozyme	16.8814678839535	365767.7820644	0.997620431591949
MIR609	13.4761281555562	28342.1326096264	0.975150766547991
JA429539	12.0904229918155	46830.9692048591	0.960419239991281
MIR4686	14.138092913028	56056.7367585764	0.984578216958512
OLFR690	13.6467246641368	3664.45622892738	0.904036183971518
LOC100500938	11.1656536063706	11633.6469946028	0.913899585846109
DQ583646	11.4790119789797	22476.5134641057	0.935097725786529
DQ594571	11.5127073244453	23801.209376533	0.936714379132457
DQ594135	11.5127073244453	23801.209376533	0.936714379132457
DQ594374	11.5127073244453	23801.209376533	0.936714379132457
DQ588704	11.4328245778891	23322.9469021948	0.93353556637361
DQ587050	11.520372670598	22384.3050594089	0.936532732689094
DQ589570	11.520372670598	23130.4485613892	0.93684153164281
DQ571892	11.520372670598	23928.0502359199	0.937168495240863
DQ573752	11.520372670598	25700.4984015436	0.937895081014314
DQ583615	11.956199729667	36105.0157264309	0.954788200247039
DQ582903	11.956199729667	36105.0157264309	0.954788200247039
DQ573895	11.6771761228977	29754.2998778119	0.944779481217758
DQ599539	11.6771761228977	24955.2192523584	0.942817699629441
DQ575274	12.762102160966	54710.0643010404	0.974206205042505
DQ593189	14.124745336957	145554.340959131	0.991698757538327
DQ575059	14.1297651605326	141192.980916789	0.991571605027974
DQ574428	14.1297651605326	141192.980916789	0.991571605027974
DQ573749	12.8598339116258	156370.186569815	0.983415679720991
DQ576379	12.9905877376457	177110.005954588	0.985904235995059
DQ571263	13.055674016996	185284.194670632	0.98692145607789
DQ582888	13.1515006849866	220857.933306836	0.988483615490809
DQ595146	13.1515006849866	220857.933306836	0.988483615490809
MascRNA_menRNA	13.1411888671683	36803.6934145601	0.975768364455424
MIR4692	11.3453839778943	9755.93375073091	0.916606117852212
MIR1260B	11.836445682224	9707.15260826291	0.931283150475914
DD413629	13.3927433544977	110490.439420334	0.987084937876916
MIR4693	12.6838781716618	32274.3894132862	0.967794085591804
DM119543	14.1528258075352	195638.35924012	0.992988447286202
DM119500	10.8610669504561	19967.6126516771	0.909721717648768
U4atac	13.059631427299	46205.9823204051	0.976876407759936
MIR4493	11.9461170563038	12769.7405193749	0.94014749691201
DQ591569	12.437602970634	43688.5331822407	0.966613383709947
DQ588965	12.4749001167775	44832.9196024869	0.967358134127734
DQ590472	12.4749001167775	46378.8823474002	0.967739591658795
DQ573743	14.5562618802631	196304.778142709	0.994150984523723
HOTAIR_4	11.7836343890291	4705.50658200243	0.907705442127443
MIR3913-2	11.7243984060843	7993.60491278648	0.923581341277338
LOC643339	-11.3361791906464	33614.8600281265	0.934861585410158
MIR1251	11.9057170569612	12949.1766208404	0.939239264695197
SnoMe28S_Am2634	11.9057170569612	9852.63438542205	0.933517401729274
MIR3922	11.021175848821	34321.8540636402	0.92289108479256
MIR4700	11.4014276667191	27762.0598880758	0.934425633946087
MIR3908	16.719152645112	202333.28025305	0.995386180338589
DQ590719	11.9218844540387	30555.3366451295	0.95191818644191
DQ588544	12.2033525974061	61955.8847400125	0.965105718230037
MIR2681	13.5230919864332	26491.4405230418	0.974442345418877
MIR4705	13.5230919864332	39177.4824636534	0.978910847925598
OR11H2	14.9316493142451	48506.1909891271	0.984723534113202
HTJA150	15.3425093067876	138280.8859393	0.99324275230691
MIR4308	11.3939769654816	82157.3658559667	0.943707767201918
RNaseP_nuc	12.4643418146376	4556.92341848243	0.915025793794958
MIR4706	12.4735845470146	16387.3348752098	0.955115163845092
MIR4505	13.2867030706471	46674.3933131986	0.979419457967013
DQ577854	11.3860420981042	23414.7530383534	0.932318535203081
DQ593003	11.3860420981042	22578.5118584122	0.9320279008937
DQ575342	11.3587477145542	21391.233048182	0.930338588970428
DQ578127	11.3916253108553	21884.5030569088	0.93173726658432
DQ578350	11.112789386812	17435.7637558784	0.918168277265131
DQ591177	11.112789386812	16873.3197637533	0.917550679357698
DQ584348	11.0376256564304	16550.2266449736	0.914462689820533
DQ572059	11.0376256564304	17120.9241154899	0.91491680592894
Mir_320	11.2796580695576	20747.7768279792	0.927159776211582
DQ592463	11.0316783239979	18313.4537840813	0.915697885635399
MIR626	13.3381295373749	26030.5130531636	0.973370631403037
MIR4713	12.6043561633288	19617.0507164999	0.96061905107898
DQ588654	12.6043561633288	47460.6065721771	0.970337135798881
DQ578013	12.3307360079029	45076.3531358708	0.964851413209329
DQ582680	10.844469983143	119033.066626224	0.923018237302914
DQ596379	13.4455886081944	90900.0239922002	0.986104047082758
DQ596157	13.4455886081944	94146.453420493	0.986376516747802
DQ582977	11.3663289220806	20116.6268994741	0.929739155707331
DQ582622	13.4732786655972	86683.5282338413	0.985831577417714
DQ576106	13.4732786655972	92661.7025947959	0.986322022814793
DQ598082	13.4732786655972	95971.0491160386	0.98663082176851
DQ598152	10.7867411313764	13907.2389601192	0.900966359078689
DQ572208	10.7538828200267	15685.2635300048	0.901238828743733
DQ578778	10.7538828200267	15104.3278437084	0.900603066191964
DQ580631	10.7839134096861	14871.4196404276	0.901602121630458
DQ585433	10.7839134096861	16015.3749973836	0.902855482089661
DQ599886	10.7839134096861	16015.3749973836	0.902855482089661
JA429839	10.7839134096861	18927.2613605442	0.905525684807092
DQ591093	10.7839134096861	13432.2499978056	0.900203444016566
DQ570891	10.7839134096861	14871.4196404276	0.901602121630458
DQ595265	10.7839134096861	13879.9916643991	0.90047591368161
DQ590811	10.7839134096861	16015.3749973836	0.902855482089661
DQ577480	11.1373675186221	19002.3042951428	0.920638668894863
DQ573982	11.1373675186221	19002.3042951428	0.920638668894863
DQ601402	11.1373675186221	18347.0524228965	0.919966577054421
DQ596112	13.7089810392187	109108.73402863	0.988465450846472
DQ574554	13.7089810392187	113005.474529652	0.988628932645499
DQ576888	13.2466158892434	79188.3846421436	0.983778972607716
DQ595661	13.1200435539539	70118.4100307839	0.981254087044976
DQ598070	12.3769726400614	41890.2116647109	0.96514204751871
DQ592190	12.8458330563009	59979.0411594395	0.976585773450556
DQ578010	12.8458330563009	57979.7397874581	0.976367797718521
DQ595173	11.7751161644629	26708.7145737033	0.946196323475986
MIR4718	12.2688803683181	22862.2128469262	0.957004286856063
DQ576448	10.7610898651994	14637.8713913978	0.900603066191964
MIR4518	12.9447269756749	22443.6438944098	0.967685097725786
JA536067	13.507963661806	45876.3814162906	0.980382184116835
SNORA70D	12.994497237925	14283.0811330694	0.959783477439512
MIR1910	13.6845515478881	38887.7632521997	0.979473951900022
DQ588877	12.3141851792869	69382.1211650852	0.968393518854901
MtDNA_ssA	13.0828520055236	18303.6729002985	0.965741480781806
DQ587033	15.6924808634813	446906.486814498	0.997838407323985
MIR4314	12.31955187085	13126.7523657072	0.948648550461382
MIR4521	12.9065641048876	30236.4336729258	0.970791251907288
MIR3676	14.0699396758832	47808.503000364	0.982961563612584
U11	12.2653367735695	8190.92879677902	0.93611494586936
MIR744	14.8255076709781	70009.4911598092	0.987938676160721
DQ574806	12.4330158576073	238619.712745022	0.977602993533387
DQ571055	12.2734236665926	41773.258575552	0.963216595219066
DQ595299	11.7199670543644	24903.3823332448	0.944325365109351
DQ578661	11.1527929130022	16805.8266364135	0.918731381239555
MIR4522	14.6204759992755	68413.3373383584	0.987448230763642
DQ586005	17.0698714837892	1121031.01678845	0.999309743515222
DQ600693	17.0698714837892	1083663.31622884	0.999291578870886
DQ592978	17.0557095919887	1006010.38297646	0.999255249582213
DQ598642	13.8107709426803	109531.70411272	0.988901402310543
MIR4723	13.8107709426803	40422.4146130276	0.98030952553949
MIR451A	13.8647916670479	48958.940536717	0.982416624282497
MIR451B	13.1584852905792	31770.0428308827	0.974333357552859
MIR4732	15.2670615741654	122601.086214058	0.992443507956114
MIR4523	13.8589256103302	50880.2737447905	0.982707258591877
AF086476	14.659426897546	24793.4362623764	0.976585773450556
MIR4733	15.2981741056697	125273.830813975	0.992625154399477
AF086346	13.9645619634812	24973.6134286389	0.975187095836664
MIR4724	12.5780723767674	16232.7268585432	0.956804475768364
MIR4725	12.5780723767674	16052.3632267816	0.956622829325002
DD413671	11.018364428068	103732.331874886	0.930683717212817
TRNA_SeC	11.836591165455	15642.6125628004	0.940292814066701
JA429848	14.0765984621911	185569.244958084	0.992697812976822
MIR4315-1	11.9822091034319	53697.8305152952	0.958748092712345
DQ573673	12.3557067701595	39945.6266235557	0.964288309234905
MIR1203	12.2220392306974	54459.4411615693	0.964542614255613
LOC100506650	12.8230482614205	5361.06514671465	0.925888251108043
MIR4736	14.8835369163246	151968.743296362	0.993587880549299
MIR4737	13.6924894772615	38619.5908207367	0.979510281188694
TRNA_Und	14.4561297623102	70814.7193746574	0.987393736830633
MIR657	13.3925113314073	25927.2591554274	0.973606771779409
MIR3065	13.8644571055697	44610.4594907851	0.981272251689312
DQ572814	11.8486754723438	29043.1117326613	0.949229819080142
DQ582047	11.8486754723438	30044.5983441324	0.949720264477222
DQ583379	11.8486754723438	29043.1117326613	0.949229819080142
MIR1539	12.2137400144831	22444.818911248	0.955460292087481
MIR4320	11.5473020546899	10876.8024428823	0.925325147133619
MIR1181	11.3037516074305	101811.081518483	0.941600668458912
MIR1238	11.7822181730525	10024.7860981063	0.930193271815738
hsa-miR-3074-5p	15.0434810382039	379998.884232751	0.997075492261862
FW420894	15.0434810382039	379998.884232751	0.997075492261862
MIR1470	15.0445151014713	130913.090180148	0.992679648332486
DQ571988	15.0445151014713	307142.250038039	0.99654871757611
MIR3188	13.2512297331979	27103.7638172542	0.973352466758701
MIR3189	13.2512297331979	31559.1770474877	0.975223425125336
DQ580047	12.2889641884278	39410.7077541775	0.962962290198358
DQ573935	12.415849248608	43034.5980849571	0.966050279735523
MIR1270-1	13.2748356670675	28214.8180963399	0.973970064666134
DQ589171	11.0233106534727	16951.8029696407	0.913881421201773
DQ589981	11.4192217971364	23103.9954187294	0.933135944198213
MIR641	14.2728965191739	47248.5285616755	0.983234033277628
DQ590318	11.221281651544	21690.1483175605	0.925797427886362
MIR642A	12.8147878367867	40875.3578679932	0.97248056383056
MIR642B	12.8147878367867	51492.3339376019	0.974533168640558
MIR769	12.8561219355606	34577.6760516235	0.971644990191092
MIR320E	14.3866526646141	95497.7827891349	0.989827799171692
MIR3190	14.4256129530107	64999.1873320138	0.9867761389232
MIR3191	12.4931932300489	17923.0708470829	0.957058780789072
MIR4749	13.6162491573507	38534.4849191377	0.979255976167987
MIR4751	11.2492278057051	7769.98663544908	0.908323040034876
DQ581862	11.8289205627016	27723.8960755347	0.94797645862094
JA429818	11.7251356431929	38084.2476530691	0.94919348979147
MIR4757	13.4155308764871	33529.1213092482	0.977221536002325
MIR1301	11.8241113326419	10446.095271841	0.932155053404054
LOC100288911	14.0386995260291	5425.19460464539	0.928649277047155
MIR548AD	13.2933467819188	28927.7365883607	0.97442418077454
MIR559	14.5847713366604	60483.9561384541	0.986467339969483
MIR216B	11.5406166867	8581.98150366988	0.919694107389377
IGKV3-11	12.1977144555449	9234.60508046753	0.938512678921747
MIR4780	11.1691391255653	6715.02585064523	0.901820097362494
MIR4265	13.2599047170877	23411.2731846856	0.971517837680738
MIR4266	13.6291076734607	54431.2991291044	0.982561941437187
MIR4773-1	11.5547862482361	9111.16081678933	0.921565065756012
MIR4773-2	15.7333618393626	165039.050439896	0.994459783477439
DD413621	11.621649081553	244994.964631457	0.956350359659958
MIR3606	13.5624003847923	45372.0417277811	0.98045484269418
MIR3129	13.5693963866764	37793.8782850985	0.978929012569934
MIR4776-1	13.8558994680222	43792.2764818263	0.981163263823294
MIR4776-2	13.8962263584061	45033.7313930756	0.981490227421347
ECEL1P2	14.4679598247792	4090.78369956466	0.912264767855845
MIR499A	12.4080654662593	10525.3269027875	0.944870304439439
MIR499B	12.4080654662593	17590.2723580832	0.955042505267747
MIR4533	12.9323306849841	26012.4334540807	0.969265421783042
MIR1257	16.1215926567549	144001.315443797	0.993805856281334
MIR4327	12.8640211004447	20723.088272436	0.96543268182809
LINC00159	11.7822181730525	6450.05617164981	0.918731381239555
MIR4760	13.1428451086899	26713.3309332412	0.971971953789145
MIR3197	12.4121915229713	17640.6611926342	0.955169657778101
MIR3199-2	13.3880957879091	29454.7199761819	0.97535057763569
DQ587809	12.0527434048159	34610.8692820606	0.956441182881639
MIR548AC	-12.8305948484204	148645.875368231	0.982779917169222
MIR711	13.4130166313507	33911.1386449774	0.97729419457967
MIR3938	14.3986018204599	49548.3452399202	0.984233088716123
MIR4272	11.296619682087	9284.19303915525	0.913917750490445
MIR4795	14.7446491254419	72887.202246093	0.988174816537092
MIR548G	-12.4039465904079	159109.227514083	0.975423236213035
DD413694	12.871032763682	80456.609150405	0.979219646879314
MIR1224	11.9308596794017	10851.5533112367	0.936296592312723
DQ577349	10.7538065411202	21164.2560325529	0.906106953425852
MIR943	12.818094837605	122693.208208101	0.981490227421347
USP17	15.0992824900719	55629.6945859341	0.986158541015767
MIR548I2	19.2623516982967	997319.094302	0.99941873138124
AB059369	15.4776501714615	36303.3281506659	0.981871684952409
DQ589421	20.6438827611982	75096099.2564444	0.999945506066991
DQ583133	18.7377581080663	22182966.1702729	0.999800188912301
DQ581767	20.2338588818997	58402070.505236	0.999945506066991
DQ584082	15.2125981767929	1798320.39783544	0.998855627406815
MIR572	12.6751195431788	16265.8443328178	0.958021506938894
MIR4451	11.4164857821534	9783.11732450023	0.918876698394245
MIR3140	13.720654465483	94665.5065743288	0.987648041851341
MIR3688-1	11.2705955129911	6274.85923844171	0.903582067863111
MIR4636	11.9933943288829	12040.6621879417	0.940038509045993
MIR4279	12.2505627326455	19849.2985431786	0.954806364891375
DQ570835	13.5967605552347	399242.535931189	0.99367870377098
MTRNR2L2	-13.9928635839884	574922.900647887	0.995731308580978
MIR4280	11.1810097239793	7215.95918021169	0.903854537528155
MIR583	11.4183103685478	8620.04216384826	0.915770544212744
JA429135	10.6210304265828	647771.759256709	0.914553513042215
SnoZ6	11.4409251056258	9657.66026740699	0.919566954879024
MIR3936	12.1142566554395	9522.24653464176	0.937713434570951
VTRNA2-1	12.471389261346	13417.1791258819	0.951482234977839
MIR143	14.2899383056744	53786.2364872156	0.984432899803822
JA483376	14.2899383056744	197216.200453124	0.993406234105936
CBY3	14.9849155267944	29457.6537966132	0.979219646879314
MIR1229	12.5219032963557	20138.2161822761	0.959747148150839
DQ589679	11.4008829167162	22025.4373451165	0.932046065538037
MIR4645	13.3422199751023	31867.7439922859	0.976058998764804
DQ599995	11.9231700527026	31637.1558008789	0.952263314684298
MIR548A1	11.9231700527026	9458.53111572669	0.933063285620867
DQ581281	12.1321549790903	37875.9221698666	0.959529172418804
DQ573101	15.6459373417362	403870.535306873	0.997711254813631
MIR4640	14.4444257487439	58535.4384704453	0.986031388505413
PMSP	14.3201396373783	25985.6054980995	0.976531279517547
JA611279	13.3918150381597	34319.5306611416	0.97714887742498
DQ586570	12.9943707621681	171655.919468817	0.985813412773378
DQ597719	12.6678959390481	141608.658755078	0.979601104410376
DQ586674	12.6678959390481	141608.658755078	0.979601104410376
DQ594165	12.6092976806119	131438.910985879	0.97836590859551
DQ578525	11.9867250520558	91461.143489046	0.963380077018092
DQ571282	11.5040941035452	61086.393436458	0.945469737702536
DQ570892	11.5040941035452	59115.8646159271	0.945288091259173
DQ586217	11.5040941035452	61086.393436458	0.945469737702536
DQ579683	11.5040941035452	61086.393436458	0.945469737702536
MIR4462	11.9295809178346	15889.0450445433	0.943235486449175
MIR4641	11.2665497985115	7274.08839289837	0.907269490663373
MIR586	13.4702036768871	27643.9942592562	0.974841967594275
DM119538	11.9940061862854	43802.8038395972	0.957058780789072
DM119539	11.9940061862854	43802.8038395972	0.957058780789072
MIR4282	11.9940061862854	14383.0102159872	0.943108333938821
MIR4643	11.9499063212924	11982.606596528	0.938875971808472
MIR2113	12.1770308662842	12022.4175218906	0.94423454188767
DQ591448	14.3468504973883	169780.945102028	0.993151929085229
CRISPR_DR35	15.7868195957631	371083.373707798	0.997456949792923
MIR3145	15.2577248427958	162913.375173313	0.994060161302042
MIR1913	11.5237664616333	8694.35368231107	0.919385308435661
MIR3939	11.5237664616333	6561.77636400836	0.912428249654872
MIR4644	12.814654320836	20264.2813686398	0.964488120322604
X07060	13.3918150381597	11287.312306331	0.957204097943762
MIR589	12.9332880365664	18667.7667024963	0.964451791033932
DQ594582	12.8971088945699	60077.7815579095	0.977276029935334
MIR3146	12.5391944489324	17801.1899170245	0.957967013005885
MIR196B	12.0562630416019	11978.184116602	0.941310034149531
MIR550B2	14.1958768243021	45715.6929206552	0.982670929303204
MIR550A2	14.3383229792599	50460.0931754314	0.98405144227276
DQ584906	13.1185687467842	181270.924822577	0.987557218629659
Y00482	14.40494213411	11756.7857309195	0.960146770326237
DQ573852	10.808242282159	68129.3682104894	0.91865872266221
MIR4283-1	12.9253821851075	112551.231426409	0.98239845963816
DQ580039	11.6830684847331	37363.6709328635	0.947177214270145
MIR4650-1	11.6551945518089	15608.9040772865	0.935243042941219
DQ596866	12.1080783619031	128971.962257579	0.968484342076582
MIR4284	11.5015652206996	41423.7703937076	0.942091113855991
MIR548M	14.3365149234813	56843.0046102304	0.985250308798954
Evf1_1	13.2738282677636	13001.0836902944	0.960273922836591
Evf1_2	13.2652368526248	11238.1591470325	0.956513841458984
DD413568	13.4451412188761	119785.603495555	0.987866017583376
DQ595418	11.9244545067777	32796.2477534676	0.952808254014386
MIR4467	11.1626228486081	8594.67995694366	0.906869868487975
Mir_875	14.7178610996484	254704.713785921	0.995513332848943
MIR3666	12.4003684059465	57386.894745159	0.968211872411538
JA429116	12.7898512958185	76053.6938647175	0.977621158177723
TCRBV19S1P	-15.0331269629866	383914.875212473	0.997093656906198
MIR597	13.0360868150526	20459.9778876812	0.967612439148442
DQ595103	12.4456767875682	50692.7986658331	0.968193707767202
MIR3148	12.4456767875682	17117.0489001514	0.955405798154472
MIR486	12.7887938325584	24587.5755399467	0.966885853374991
JA429246	12.7898512958185	79675.298334466	0.97807527428613
MIR4469	12.7898512958185	21179.5096838454	0.965051224297028
MIR4470	16.099658628779	230471.342192434	0.995803967158323
MIR4661	14.928400264029	98241.8472465581	0.990863183898859
MIR378D2	14.1976043015445	45303.42281601	0.982525612148514
MIR599	11.6442211363701	12392.4747609066	0.931119668676887
MIR875	11.6422169714126	15469.0824281963	0.934534621812105
MIR4540	12.5934963645396	26549.8845267424	0.964306473879241
DQ574527	10.8188677082622	13761.854381517	0.901874591295502
DQ578098	13.888184828401	119422.391636391	0.989555329506648
MIR548Q	-12.5081405611584	92702.5090956909	0.974387851485868
MIR3134	-12.4651440733783	121594.597928347	0.975441400857371
MIR3911	12.1731336278807	15585.3058933005	0.948703044394391
MIR3689F	11.7419889419299	12260.14420815	0.934007847126353
JA040725	-20.5963187689795	3230717.5455712	0.999818353556637
JA040723	-20.0661987938112	2231547.45425394	0.999727530334956
AD	1	-15.9956152803386	799927.35313469	0.998910121339824
cytochrome	b	-16.941297123996	354508.987051717	0.997547773014604
DD413549	10.7824974677171	18908.6836589168	0.905525684807092
MIR532	11.9429517150248	10221.4012168721	0.935297536874228
Mir_500	13.1011417258446	23592.8269173269	0.970155489355518
MIR500A	13.0172488729365	23319.8709601135	0.969011116762334
MIR362	12.3258839893998	18661.145235546	0.954897188113057
MIR501	13.0148390560862	23280.9462519419	0.968956622829325
MIR500B	13.0721715154127	25758.0900722626	0.970845745840296
MIR660	13.0721715154127	20978.2383062757	0.968375354210565
MIR502	13.0721715154127	23661.5013454505	0.969846690401802
XAGE1C	-10.9981927385789	8429.06570210473	0.900494078325946
JA611242	14.5177412482236	277142.110159958	0.995567826781952
MIR4328	11.5973000620966	78588.3859623044	0.950737484560052
Mir_361	14.1853343647634	61140.7523315997	0.985522778463998
DQ580189	14.1853343647634	157219.077424114	0.992298190801424
MIR514B	12.0486262798872	12510.6780391143	0.942109278500327
MIR510	12.0486262798872	13525.057339583	0.943289980382184
MIR514A1	12.0486262798872	10212.7983992769	0.937586282060597
MIR452	14.4110256406487	60560.2373973932	0.986158541015767
