Name	MvalueInSignal	DvalueInSignal	ProbDiffExprn
PAQR7	8.4533982062529	4052.53495421263	0.920644137343708
TINAGL1	7.50377791900799	6884.7863928383	0.937192737970812
CD53	8.92434520969203	18152.3523957689	0.975399682576549
S100A12	9.63396541583041	20327.2499560292	0.981999767738939
PMVK	-6.83341000979325	7128.82500517839	0.92178608756242
FCER1G	10.4408427216387	5485.66687198631	0.951941315371811
C1orf192	12.6624520608565	5781.27467551825	0.95832849456122
SFT2D2	6.92968520741633	4964.58612657547	0.907502032284287
SNORD74	9.66006506810238	9630.47742244421	0.970773816436341
TGFB2	6.04486453005052	7310.36735129372	0.902411644021213
DKK1	10.571086368887	6970.27843291603	0.963999535477877
CUEDC2	-7.94628164863534	3870.62253248735	0.911547245770913
MGMT	6.01927567299574	15478.3321909708	0.917586033368172
SNORA23	-10.2530873432473	3401.68896806981	0.918882824294507
MPEG1	8.25630578441051	5742.38815160316	0.939437928231332
SNORD30	7.0830444823161	6481.74935316862	0.924166763442109
TMPRSS5	11.823882849472	4481.75930761264	0.942921844152828
ITGB7	8.70358005046868	3885.56039053787	0.919831223628692
LYZ	9.57807074401072	8526.35683603619	0.966786668215074
MGC14436	7.30256744506113	5235.25866372674	0.91932799132892
SNORA27	-7.88861629474018	6908.93962252408	0.942767003445206
C13orf15	8.95473053426543	4424.52875667083	0.931057174931289
ITGBL1	7.32056285118297	5875.36140738847	0.925289358572369
PATL2	8.79026633365133	7451.13365815095	0.956102659389153
LOC100287559	8.21677368598823	5970.62564989467	0.940928270042194
KIAA1199	9.19011608263336	4943.48366693334	0.939921805442651
YPEL3	9.4129711860201	9477.81888357146	0.968935083033329
ZNF319	8.1768892679007	40924.6741935179	0.97294158634305
LOC730755	-8.36010876441332	4122.4341066023	0.921186079820385
FCER2	7.07398432511882	7369.86480634045	0.928386172724809
TSPAN16	8.59787516648841	5952.83186993378	0.944644447025123
AX721123	7.14665132655207	5042.94976397203	0.913444044439283
SARS2	5.95815937189045	14799.46136923	0.915902140672783
GMFG	7.90622300011375	15273.2003276196	0.961986606278791
C19orf68	7.68205570794306	3928.40504588147	0.908837533387528
MYBPC2	8.57095837545046	3369.11928950245	0.907985909495606
ZNF419	-9.55950677737037	3170.66286602114	0.910056903960051
ARHGAP25	8.10526832589789	17116.5201993658	0.966302791003755
PCGF1	-7.02325602832124	4788.81171282641	0.907153640692138
ST3GAL5	7.1432465000143	9365.51134847494	0.937908876243564
AK128525	7.57968756305675	18258.6671707363	0.958773661595633
Ig	kappa	7.58258548729451	51339.2931538108	0.964347927070027
AFF3	7.13683463518573	7258.15842186556	0.929682963651144
KYNU	6.89375197555763	16033.094244021	0.941160531103627
CDCA7	6.58185738085719	8957.98571631869	0.922966747958038
ITM2C	6.32332302309116	10381.2199367721	0.920121549955483
SLC2A4RG	7.59549454403628	5913.83083064067	0.931773313204041
IFNAR2	9.00929776838932	8157.37544931722	0.960980141679248
IL10RB	7.75763632978091	10905.5342142123	0.954360701428406
DQ570096	9.05862990515357	333192.182528102	0.985541748925793
SYN3	6.21430114968282	11433.0905726722	0.918824759029149
TIMP3	9.23861669812797	5961.05138845879	0.950160647234158
APOBEC3C	7.73642045346927	32190.0582474234	0.965122130608137
A4GALT	7.84099947319954	4816.10713933568	0.9244570897689
ADAMTS9	8.44747008056886	5663.972661689	0.940502458096233
TMEM30C	10.001072832631	3050.83321529735	0.90786977896489
PLCXD2	7.41706217683282	5071.72130847727	0.920257035574653
SIDT1	8.09136530900429	3923.39285607453	0.914411798861921
PTX3	7.31544961112945	20455.1058696264	0.953954244570898
LOC152742	10.421957336862	5076.54277813955	0.947818681531375
RHOH	8.4762998586329	4696.81805986578	0.930379746835443
STAP1	8.09252635423336	4494.51348021029	0.923373204815546
NR3C2	7.21189201946582	4937.58927609124	0.914218247977393
DKFZP434I0714	-8.91987992484499	8600.28074302838	0.961947896101885
BC034630	8.92168250557117	4281.55798257033	0.928947470289939
FST	8.88686435432921	3843.47227588887	0.920740912785971
GAPT	8.86534426340989	3320.73408962465	0.909456896218016
CD180	9.76977517279628	4039.52100020178	0.930224906127821
C5orf56	7.63762431333631	4352.00030456189	0.91545697363837
CXXC5	-7.92665631161923	5468.62253428784	0.932721712538226
HLA-DPB1	9.25356792549215	5618.95892487698	0.947276739054697
SLC22A1	-7.53041275095891	4235.52569128237	0.91243757983974
IL6	6.66536549666992	6372.80586457739	0.913327913908567
RP9	8.62682479827943	5956.84178761248	0.944992838617272
DQ594967	7.3659403654291	7414.09731859921	0.936437889521155
ELMO1	6.66297352528226	10222.6761121805	0.928270042194093
AK098095	6.01706122550407	6997.54994225083	0.900224519026052
DEFA1	8.33159716361413	3860.55005405554	0.915998916115047
RNF5P1	-6.08369667825487	9153.59152189962	0.910134324313862
AB209185	8.32411194218798	4075.01006476037	0.919986064336314
ATP6V0D2	7.84453077194709	3995.84184878285	0.912379514574382
DOCK8	7.70874845326762	3871.86315397994	0.908140750203228
NPR2	-8.31372937293715	3447.27346535224	0.907405256842024
SPAG8	-10.0015787039747	5917.67522708732	0.954360701428406
AK310226	12.5026759267263	2796.95156274891	0.904656834281733
WDR85	6.56875803135749	6931.8901164805	0.914585994657996
P2RY10	9.15070467386272	5315.33820891411	0.943696047690938
F8A3	8.92549384848433	3457.67054796534	0.91321178337785
SNORA57	-7.87717542794802	9121.3197736565	0.951825184841095
EMR4P	6.01006160681746	7290.68700523958	0.901347114156312
AK294743	9.68726964940354	5224.02564079067	0.946076723570627
DYNLL2	8.21325932317455	4512.13906108235	0.925347423837727
DQ601342	7.8108921377045	3806.20352403166	0.908353656176209
LOC100499484	5.9514839478713	11546.4651079841	0.911973057716874
MIR761	-6.03280204094493	12699.5185405335	0.915515038903728
FU270192	7.9392257436304	20864.0136936311	0.965644717996361
FU270182	8.85049759434394	16227.907828048	0.973773855146518
FU270198	7.38276529991189	8827.85629176732	0.941857314287926
FU270200	8.67583839178934	9261.48578584432	0.962064026632602
FU270193	8.14739651182296	9954.40891969153	0.958193008942051
MIR675	9.55613546329843	4909.74426187341	0.942012154995548
MIR483	9.55613546329843	4715.93856732578	0.939457283319785
MIR4686	9.55613546329843	4715.93856732578	0.939457283319785
SNORA70G	6.37393941367934	182792.050397754	0.936805636201757
LOC100507250	6.35733252581412	14938.743325464	0.927070026710022
DL490908	10.4720368125285	72097.3783451353	0.991928928115202
MIR4719	10.8541392262546	10499.8504686172	0.977954554252313
DQ588114	-7.14120272059613	224088.951048131	0.956334920450586
AL122050	9.51821028144259	3810.25061911048	0.924515155034259
MIR3921	9.83119970472887	13554.333687864	0.978728757790423
MIR570	6.39670691541573	8321.59206764726	0.916289242441838
DQ570835	9.46899451492674	45794.6422338405	0.985367553129718
HCG25	7.17365697479493	5674.69581452458	0.919579607478806
JH8	9.99021650305157	44362.6760322323	0.988657918166686
MIR661	-6.66777460770351	6554.27421768655	0.914469864127279
