Name	MvalueInSignal	DvalueInSignal	ProbDiffExprn
C1orf174	9.21578742860929	127.94086388462	0.957907999068761
PER3.2	6.91005427637371	86.2093288736708	0.907439229810602
UTS2	6.82858340948959	167.296326351079	0.915248490160365
RERE	8.34577367715443	93.2709567794049	0.940695416387067
MDS2.1	11.2576302101111	30.2912576555081	0.922760849618603
HMGCL	9.9690212273099	31.3846497015141	0.919727749551499
HMGCL.1	9.25363735608362	24.1725410274256	0.901244299585051
FUCA1	8.89876521454895	74.2341564245422	0.942580353596911
PAQR7	10.967040487472	139.960483400663	0.971496418838416
CD52	9.51240869311404	43.5372386366588	0.931058188740225
TMEM200B	10.6657914978026	26.2614121189438	0.913550348529875
RBBP4	6.88975029960267	81.1466182508796	0.905639747469906
RBBP4.1	6.88975029960267	81.1772781822087	0.905646868709002
SYNC	7.42634572909001	184.137160291966	0.934092384382575
C1orf212	10.8584614154732	27.8740404461343	0.917350899056436
ZNF691.1	-9.13855151418632	24.3786069528502	0.900769367716136
TESK2	8.10728492357567	122.348728594569	0.942135002259624
NSUN4	10.0048798836389	34.9378183610352	0.925025951438627
NSUN4.1	10.0117056345661	73.3763294044539	0.952067487435121
NSUN4.2	10.0117056345661	40.3408524214815	0.931400008216814
PDE4B.3	9.83224962426835	27.8482631595142	0.912915462675121
ST6GALNAC3	6.77561652154827	180.604851908766	0.914648662713466
CD53	10.7704594471955	329.252677776765	0.981776749154353
CD53.1	10.7901832022025	330.277312633371	0.981903288095205
S100A12	10.6477608478923	204.014263403357	0.97592966406924
FCRL5	11.6906005238604	54.2170019690408	0.948894701524219
FCRL1	10.8371177903798	50.1408482250897	0.943568562468331
FCRL1.1	6.68298871414668	124.402006020041	0.905904876679311
FCRL1.2	6.68298871414668	124.52189230917	0.905919666945125
FCRL1.3	6.68298871414668	129.687738627784	0.906563317401843
FCRL1.4	6.68298871414668	159.521255456151	0.909503841360705
SLAMF6	9.00088573391491	60.7881962509863	0.938125196861177
SLAMF6.1	9.00088573391491	60.7219781722815	0.938088495090453
SLAMF7	10.8512007270889	30.04607083552	0.921232522151162
SLAMF7.1	10.8512007270889	85.9562112125368	0.960312786732584
SLAMF7.2	10.8512007270889	110.582784121914	0.966210268278988
FCER1G	13.4131848600162	238.851409472475	0.985140165157968
FCER1G.1	13.4131848600162	464.345996704712	0.991608989194889
SNORD74	11.3374685444941	230.410490836023	0.980538749126963
PTPRC	10.646780231991	510.4142875219	0.984509661604196
PTPRC.3	10.4691636851675	766.733496165306	0.985420084633188
PTPRC.4	10.4691576873205	1394.3967825556	0.987112200599827
PTPRC.5	10.4691576873205	2154.97684576775	0.987765163446132
BTG2	9.13233731440596	153.91738528289	0.960039440708837
TAF1A	10.1729924366293	50.1822496856877	0.940685556209857
TAF1A.1	10.2729262460668	46.6766181741403	0.938483449966448
CELF2.1	7.43429737351075	67.0062783775427	0.915585927335972
ARHGAP22	9.81427305090794	69.4306137520417	0.949229399761712
WDFY4.1	8.40758004373058	48.3456272889787	0.923286177948809
WDFY4.2	10.7022031006123	48.4319283443352	0.941672669506032
LRRC18.1	8.47037961944599	92.1871505139736	0.942111447391846
PGBD3	9.39090870634982	24.5425364910567	0.903095273962285
TTC18	9.11381874024135	26.6625105837996	0.905386121800578
TTC18.1	9.11381874024135	28.6150133930282	0.908939620109284
BC082979	9.41524255517293	25.7788880629695	0.90605661385081
MGMT	9.3812623060709	662.188544407294	0.975861738404021
PWWP2B	8.41457922983321	43.6613775578194	0.919752947782145
IGF2.2	9.91825313650819	61.990783489044	0.9466586324482
METTL12	-9.30319671590982	26.7629510677367	0.907215184672902
SNORD30	10.8585426560151	280.921752456252	0.98067405266978
SNORD29	6.88410124552867	114.354037008025	0.911776064419824
AK092098	-8.84529924563115	47.4467271569416	0.928036592213199
BBS1.3	10.4525478014365	32.2256782721104	0.923336026622478
RAB30	7.20003775301898	126.91486896279	0.922590487667931
RAB30.1	7.20003775301898	55.3841436255408	0.904300954519933
CADM1.5	6.92016436836304	67.0850665504539	0.902109804028978
BC036195	7.19236148073987	78.541290130249	0.913073773298092
RAD52.3	7.92778945530366	66.976817491984	0.925837224907903
RAD52.4	7.92778945530366	82.6029454667831	0.93083907369113
CD27	10.6778419876278	24.1686098396369	0.90878678736254
FOXJ2	8.02843995492614	80.0119809973014	0.931879870174333
PPFIBP1	9.40026405978985	191.209704554008	0.966049218717903
PPFIBP1.1	8.57275033090737	616.787467476989	0.965237397461004
DAZAP2	10.4538608966478	241.33004581411	0.976971556127689
ITGB7	11.0642036107498	121.35490958179	0.968976047986196
CALCOCO1.1	8.74163470812705	29.7316508181075	0.907221758124375
CALCOCO1.2	8.74163470812705	33.4673349563767	0.912790019309514
NCKAP1L	9.96716999985077	41.4152455765022	0.932239766642473
LYZ	10.7750520310208	76.7130063484168	0.957160268963723
PRKAB1	8.08623209419033	83.1532419245977	0.933862861368647
HIP1R	10.9586976475526	60.8705111968634	0.951090782103778
HIP1R.2	10.9586976475526	80.7768953961362	0.959147094671396
C13orf15	8.89301835149461	29.8861774101433	0.909085879404555
KIAA0226L	9.19100625059141	35.0939756667024	0.919430300872352
KIAA0226L.1	9.19100625059141	36.3400871065605	0.920987113296175
KIAA0226L.2	9.06493727353998	33.9849438055019	0.916735185768478
KIAA0226L.3	8.80227187650521	29.4103849700931	0.907349940428096
GPR183	7.80881244815663	92.6981337250292	0.931043946262034
PELI2	7.51266843586613	45.5174017315691	0.905357089056573
DCAF5.2	7.3219128068029	122.347874455037	0.925397899234467
DCAF5.3	7.36981772158046	67.863252238311	0.914431191027239
KIAA0247	7.61165491380563	246.160664907814	0.941265663302338
PSEN1.3	6.42522747880826	157.508636915737	0.900735952671149
TDRD9	8.52235027585277	58.8463169698575	0.931357828569863
IGH@	6.93953344857392	284.236669516431	0.924393256734364
DKFZp686O16217	6.93953344857392	287.316352997489	0.924479259391134
IGHE	6.8869254464782	291.944225035348	0.923263170868654
IGHE.1	6.88649896943486	228.07055706349	0.921232522151162
DKFZp686O16217.1	6.9247511337543	145.542538582732	0.916865559222689
C15orf29	6.98118106473457	142.435236049572	0.918538502622533
CCPG1	6.69688846405114	108.540943179343	0.904379835937607
ADPGK.5	8.97222844297179	251.274899883697	0.964475424877775
LOC100287559	9.8258656909797	103.303009777728	0.959052875200285
MTHFS	9.6579959353502	30.1408105327382	0.915888853891346
ST20.1	6.77686268014472	163.995316346392	0.913528984812588
UBE2Q2P1	8.05499344509695	135.751124344044	0.942849317319675
CEMP1	8.26946667824827	43.8414852866467	0.91797373358349
MGRN1	9.55398519032961	59.2539449470794	0.942553512003396
MGRN1.1	9.55398519032961	97.4662627739072	0.955508141493543
MYH11	8.53911601872195	31.9045294654228	0.908322263458457
MYH11.1	8.53911601872195	32.001335579969	0.908470166116597
MYH11.2	8.53911601872195	32.0847810443235	0.908589583818354
MYH11.3	8.53911601872195	32.1826857815991	0.908736390901248
XYLT1	8.34610474257712	31.886047553061	0.905945412963394
IGSF6	8.85701044777251	50.2078497178376	0.93016310376467
PRKCB	8.71644557468358	208.34898611996	0.959077525643308
PRKCB.1	8.71644557468358	70.4809210595473	0.938977554402158
KIAA0556	8.67954569697476	34.3759033356774	0.913285767108092
CD19	10.1468641434037	39.5359874689854	0.931364949808959
YPEL3	11.060735571858	243.994084276501	0.980120787170814
YPEL3.1	11.060735571858	412.194261522429	0.985085386395694
ZNF319	7.02021382282437	91.3320643680826	0.91180126265047
ZNF276.3	8.32652279795477	37.4116707058176	0.912650881253338
P2RX5.1	8.0111509124462	178.916768991241	0.946110844825461
P2RX5.2	8.0111509124462	184.838550842231	0.946504156338588
P2RX5.3	8.0111509124462	179.146345683702	0.94612453951603
P2RX5.4	8.0111509124462	184.59416315932	0.946483888196546
P2RX1	8.36930611463337	36.9900144217052	0.912683748510702
PIK3R5.1	10.3716602387293	38.8202407163065	0.9315851604333
TNFRSF13B.1	7.89937881012506	39.6875383627001	0.908361704167294
SSH2.2	6.45806504156532	548.091171605369	0.910827844044864
MYO1D	8.11166136646519	116.638432969209	0.941223483655387
BC030591	11.1263114294608	29.7926569624272	0.921554621273332
MLLT6.1	10.5377049074315	69.3840942140241	0.95344133879295
IKZF3.1	8.64811180284303	28.075059971102	0.903373002287013
IKZF3.9	8.64811180284303	26.4293775980465	0.900361265937196
HEXIM1	6.47612623775463	203.562384381019	0.905085386395694
ARL17A	6.2784665618135	312.50784579967	0.900137220799496
FLJ40194	11.2751519684515	44.6747503221623	0.940510264170581
TACO1	8.42010252310693	86.4535795352004	0.939885786280659
RHBDF2	9.90444314331061	44.9521224923269	0.934961723339861
THOC1	7.08179684034997	82.7606945438905	0.911181714849153
TCF3.1	7.68841906810312	172.794516464286	0.939282672108024
TCF3.2	7.66381507063412	96.1868486967203	0.928782678955369
TCF3.3	7.66129797928518	53.2294569018839	0.913824242341244
TCF3.4	8.40581694205262	86.5159115502778	0.939786088933321
TCF3.5	7.66381507063412	58.0942148945616	0.91658563974747
NCLN.2	7.97948953140309	48.2597847673452	0.916530313197573
FCER2	10.569154463157	353.563893063647	0.981406444721381
FCER2.1	10.569154463157	352.693046036397	0.981387819942208
LOC284454	-6.98274935597327	117.0204002315	0.915372290163104
IFI30	11.3220853732585	91.1827833018539	0.963494885033073
LOC284408	12.3858298678492	43.0852826459141	0.941173087194095
ZNF383.2	8.61353255043787	45.2493052407807	0.923550759370592
SARS2	11.4049991083001	39.9290498611467	0.936199175579628
SARS2.1	11.4049991083001	31.3741980613344	0.924799167362813
GMFG	9.43029812696909	265.198331477174	0.970060119691596
GMFG.1	9.43029812696909	409.995046586373	0.973840402076115
ZFP36	6.70323510841779	180.908655316116	0.911711973267964
C19orf68	8.77036045041175	52.826499425287	0.930860437408417
MYBPC2	9.72224924569419	45.4845215560975	0.934200846331877
ISOC2.2	-8.23828718647566	35.1623173671218	0.908774736034839
ZNF419	-8.49939483578316	32.5341452951213	0.90875885019378
ZNF419.1	-8.49939483578316	33.9010065416559	0.910607633420523
ZNF551	9.69484521830835	45.0095791445133	0.933631694991852
TSSC1	6.51062453782616	211.103025423234	0.906351323591843
NT5C1B	10.7672180393041	28.7469977488481	0.918667232713877
NT5C1B.1	10.7672180393041	30.6507724342023	0.921963270839895
ARHGAP25	10.103119333764	38.0377473169255	0.929435094014051
ARHGAP25.1	9.64284869880745	24.3255105610189	0.904373262486134
ARHGAP25.2	9.64284869880745	24.3008563273422	0.904296572218951
RNF181	8.82495222090818	26.6465088311628	0.90268826775859
ST3GAL5	9.60766068363732	431.321867139178	0.975947741060791
ST3GAL5.1	9.57274936145176	407.279257716805	0.975201654318621
AK128525	9.22927978480551	320.599903259475	0.96972706481697
Ig	kappa	9.22589516122751	900.599008443493	0.975289300338259
AFF3	9.00320433745851	107.105738846563	0.952043384779721
AFF3.1	9.0191723992798	118.295670824109	0.95415346270251
AFF3.2	8.74640958327109	227.981227806693	0.960529710631188
CXCR4	6.66856552715095	243.689132318646	0.913588145875844
CXCR4.1	6.6648527682606	275.612564166155	0.914240013146903
KYNU.1	8.47702967654151	254.081283320827	0.957918954821216
CDCA7	7.35055128285999	126.685105605503	0.926783801919996
CDCA7.1	7.35055128285999	138.224064109924	0.928208597526739
STAT4.2	7.59171184294951	40.8366607120117	0.903371906711768
BZW1	7.56632769597918	48.6336780890827	0.909032196217527
CASP8.1	6.78060966814046	77.8807907025501	0.900713493378617
CASP8.5	9.04498795020337	99.0953011204109	0.950799359088481
CASP8.8	9.12358634779584	65.6277766062003	0.941559277468126
CD28	8.03741058645732	125.729096524953	0.941322633215102
CD28.2	7.60482955665211	107.830107098949	0.929699675435834
FN1	6.86110694547543	134.073889276175	0.913216745867627
FN1.10	7.94446481107086	1064.96234324094	0.955850508757755
ZFAND2B	9.74177886287318	63.2343406139172	0.946023746593446
ZFAND2B.1	9.74177886287318	96.8890086282992	0.956917051259227
ZFAND2B.2	9.74143649910608	74.8484143543659	0.950718286520316
SP140.1	7.62915564977762	63.2257758769868	0.91843990085044
ITM2C	8.62796847502633	181.84208148643	0.956244915846126
ITM2C.1	8.62796847502633	194.778374871691	0.95709179551088
ITM2C.2	8.62796847502633	191.874124749349	0.956925268073568
ITM2C.3	8.70098214258569	480.139932709834	0.965891455882554
ITM2C.4	8.70098214258569	524.500687362373	0.966324755892141
DIS3L2	7.31452060896253	148.478000084357	0.928237082483121
HM13	8.84446111188794	36.6688607676388	0.917904712343025
PHF20	7.82320705513759	628.953918995047	0.951776612207447
FITM2	7.28446343517422	46.7956709448033	0.900862491612002
CD40.3	8.55203969527548	47.7478401995824	0.924703852316457
ARFRP1.2	6.99725826926354	93.9566485055178	0.911911915750264
ARFRP1.3	6.99725826926354	85.7209422784909	0.910025882965174
IFNAR2	11.2031332039419	392.344256501714	0.985299023568562
IFNAR2.1	11.2031332039419	379.705716026169	0.985021295243834
IFNAR2.2	11.1416524590237	187.474777667217	0.97702359595185
IFNAR2.3	11.1416524590237	187.539491087192	0.9770296216157
IFNAR2.4	11.1416524590237	208.641284823193	0.978416072088851
IL10RB	11.2222155754633	604.852307399712	0.988073020090111
IL10RB.1	11.2222155754633	716.356910487988	0.988891962586105
TRAPPC10	7.03336026684515	1301.30623446986	0.933192917106038
ITGB2	10.0965823988249	35.9337692193493	0.926851727585215
ITGB2.1	9.64662380023982	33.6527344249901	0.921115843387519
ITGB2.2	9.43535773516673	34.2097393511499	0.920327576998398
IL17RA	9.79771641772736	22.9272338975333	0.901908765971433
DQ570096	7.18602382987544	559.123926475435	0.93567165609893
TFIP11	-7.68892332381229	36.2710484826695	0.900720614617713
RNF185	9.39929586627678	70.856555940475	0.946483340408923
RNF185.1	9.39929586627678	71.1883849567432	0.946609879349776
RNF185.2	9.39929586627678	74.7594744316225	0.947851166102902
APOL2	6.79407977159056	94.4797259477058	0.904952821790992
APOL2.1	6.78314846515458	89.5138767747024	0.903618411142
APOBEC3C	9.27125447214463	537.593886686449	0.973711124197149
TUBGCP6.1	8.43049123191287	39.995132986722	0.916668903466126
TUBGCP6.2	11.7783422061877	133.219540210409	0.97317922241547
IQSEC1	7.75810260800178	92.1658942276939	0.929977951548185
IQSEC1.1	7.19824317345485	124.757361741603	0.92231221155558
MYD88	9.19624595958684	24.0347428723807	0.900510264170581
CCR3	7.89795656410766	111.591775430215	0.93668561098862
CCR1	9.59653820447132	82.4773320491102	0.951995727256543
AK125532	8.72887665823937	28.2561489821191	0.904594568685721
TMEM30C	11.2764869955186	53.0214517703414	0.94704263157174
CD200	11.3359350500156	22.5524724484706	0.906350228016598
CD200.1	11.3359350500156	23.3123266414784	0.908357869653935
CD200.2	11.3359350500156	25.7024463120014	0.914047739691322
CD200.3	11.3359350500156	51.0760227400895	0.945790389066159
BTLA	11.7677778092355	76.6370544464968	0.960209802659509
BTLA.1	11.7677778092355	80.2294163736764	0.961395215075115
SIDT1	9.89569652829528	66.4470793363404	0.948575341340162
TPRA1	10.0685388238241	24.7507489432371	0.907760233357527
ST6GAL1	8.27860119623698	30.4546010320693	0.902818093425179
ST6GAL1.1	8.27860119623698	35.5239379659607	0.909751441366182
ST6GAL1.2	9.33234976090514	32.4025017023343	0.916938414976514
BC042823	7.3844276469265	85.9283621384565	0.920047657523178
KLF3	8.60979248813998	33.6058395032482	0.911518604237137
RHOH	9.45838650315481	30.7709086828045	0.915462127333233
ATP10D.2	7.50511736612769	70.4909404262582	0.918450308815272
AASDH.3	12.4051975030103	54.8550110712665	0.950597225455691
STAP1	9.97594881732943	76.3961066040626	0.95293737418003
STAP1.1	9.97594881732943	104.513165587605	0.960392215937881
PPM1K	10.2473798630605	65.6569618557907	0.950408786513469
FAM190A	8.52353173909534	50.655122815716	0.926393777132606
BANK1	6.77664427956392	152.007662351342	0.912524342312485
BANK1.1	7.57263503306346	155.186670869091	0.935204941044357
BANK1.2	7.78940170104199	166.28686952525	0.940876734090193
NR3C2	8.80101472405928	62.7785952004504	0.936797359663658
NR3C2.1	8.80101472405928	66.7389271406658	0.938508648197094
FAM173B	9.06747849554254	178.022219411694	0.961541474370387
FAM173B.1	9.06747849554254	172.115831624058	0.961088454006382
IL7R	10.1761443939235	51.588401627128	0.941725257117815
GAPT	10.3563884911458	53.9772750988508	0.94434039522877
CD180	12.6194947294414	175.799084904737	0.97994001725531
SERF1B	10.6660832946546	218.506730331149	0.976905273825338
MEF2C.1	8.35630864064655	48.8597393598165	0.923050081483409
MEF2C.2	8.35630864064655	48.8824789220379	0.923067062899714
MEF2C.3	8.30962419664805	50.4070356631894	0.923483929280618
MEF2C.4	8.30962419664805	50.8953182172403	0.923786855835992
LIX1	9.9581139256335	25.8927220687802	0.909749798003314
C5orf56	10.590793366758	127.387677517766	0.968011393982553
C5orf56.1	10.565395789166	314.276152764588	0.980268689828953
IRF1.2	10.2837749833831	271.963994986364	0.97713972692787
PCDHGB7	10.6040163141007	38.4622292133639	0.932154311773326
AFAP1L1	7.58689926308454	163.635801822306	0.93633557469769
CD74	7.71645804594555	378.798556964519	0.947285849276236
CD74.1	7.71645804594555	427.091600083501	0.948003998849646
CD74.2	7.71645804594555	486.535514164715	0.948716122759206
EBF1	6.89390625020739	97.1391345076765	0.909308281179387
ZFP62	8.49556218611537	85.5700393185109	0.940821955327919
SERF1B.3	10.6675633448907	218.73114791966	0.976919516303529
DUSP22	8.29823259052328	115.255797000385	0.944245080182413
DUSP22.1	8.35177723331667	61.4272400460042	0.930405773681544
MGC39372	9.78372539894669	28.0325800443958	0.912910532586516
FAM65B	9.05510159038013	186.026891291477	0.961989016858164
FAM65B.1	9.59638285627845	393.404879566089	0.975226304761644
GPSM3	8.80659473524213	121.369025925427	0.952148012215664
GPSM3.1	8.4599560701816	73.6332960077135	0.936723408334589
HLA-DRB6.2	6.8680828605882	632.125530217338	0.926016899248161
HLA-DQB1	7.83496760124808	47.4429380746759	0.913256186576464
HLA-DPB1	10.1233040366647	52.8429261793536	0.94228016597965
TAPBP.1	10.5664902034722	112.492620288124	0.965313539940565
TAPBP.2	10.5664947625889	123.669262699093	0.967291601046274
KHDRBS2	7.18149999145975	145.68983824812	0.924257953191548
SCML4.1	7.91280849329023	37.2567085007998	0.90591254570603
TMEM242	8.61766046299136	65.6314830752667	0.935846400350584
C7orf41	7.21428135768404	80.0866294642453	0.913953520220211
ZNRF2	8.51776971159083	92.8221002742937	0.9429342244012
ELMO1	9.61520445886389	210.059239916809	0.96927897454157
ELMO1.1	9.61520445886389	201.850286750895	0.968785965681105
ELMO1.2	8.43641352810457	185.953116154858	0.953793018446748
POLM	12.184166669364	26.6116845245796	0.917510853042276
POLM.1	12.184166669364	28.332359708699	0.920886868161214
POLM.2	12.184166669364	27.536134143115	0.919389216800646
POLM.3	12.184166669364	29.2607116029285	0.922577340764985
IKZF1	9.55666878750944	69.1473765179404	0.947243121841662
IKZF1.1	7.08583182367243	75.247227094451	0.909358677640679
IKZF1.2	7.08583182367243	76.8038106790678	0.90981498473042
IKZF1.3	7.09100610019523	130.945851753582	0.920013694690568
IKZF1.4	7.11575591420903	259.563015833539	0.928830336478547
IKZF1.5	7.08583182367243	84.87155494307	0.911959573273442
LAT2.2	9.42656779566115	23.6933401551336	0.901428904013914
CDK14.4	6.72481229761017	411.417726703329	0.919169006176305
CDK14.5	6.83072311344672	168.812243580242	0.915356404322044
CYP51A1	6.83010153927429	102.227635535546	0.907612330699388
CYP51A1.1	6.81152575973711	93.3355192158509	0.905237671354816
SAMD9L.2	6.7952126114792	157.689701054185	0.91355527861848
SAMD9L.3	6.7952126114792	135.181404826919	0.911360841401789
ZKSCAN1	9.93697234127055	37.2632488409192	0.927553443529943
AK098095	9.20540991079309	117.777955487058	0.956191780446721
CLEC5A	11.2766198549979	67.4871674444397	0.955366264499254
CLEC5A.1	11.2766198549979	241.446475202239	0.980883855329289
ZNF767	6.46150380009099	164.571834337491	0.902330562440942
ZNF767.1	6.46150380009099	275.156734685596	0.907141781131455
TMUB1	7.63617602815161	72.3680446813824	0.922040508894702
TMUB1.1	7.65470017095403	54.4626000353678	0.914380794565947
TMUB1.2	7.65470017095403	73.1828552813777	0.922537352268526
DEFA1	10.3131432701163	43.3702428988054	0.935908848139576
DEFA1.1	10.2815800926876	42.430957738494	0.934875172895468
DEFA1.2	10.1520951639303	41.9143193626857	0.933724271100094
BC030294	7.98622668486516	98.9458008008483	0.935774640172005
ADAM28.1	9.06525820429222	61.2944249375251	0.939059722545569
TM2D2	7.91937328255124	69.8130663766263	0.926763533777954
TM2D2.1	7.91937328255124	62.3543234981568	0.923733172648964
TM2D2.2	7.91937328255124	66.0937676438978	0.925328877994002
TM2D2.3	7.91937328255124	68.0960083553656	0.926160967392942
ATP6V0D2	10.2188113860222	69.4526988938217	0.951908081236904
TP53INP1	9.19586957057364	49.4685305719515	0.933084455156736
TP53INP1.1	9.19586957057363	49.1367613940952	0.932821517097821
TATDN1	7.61939973973364	197.723213214724	0.939324303967352
TATDN1.1	7.61939973973364	178.599724544561	0.938172854384355
DOCK8	9.22594727787175	77.5073359429124	0.947114391750318
DOCK8.2	10.7127175804029	86.1009631479844	0.959758425658372
C9orf123	10.2526385551761	62.1943517856959	0.948749537804193
TTC39B	11.3829094287696	37.2352440129151	0.932969967543583
MOB3B	8.24011609164136	38.1423615177296	0.912235110447679
NPR2	-8.35730295317858	42.7134815330237	0.91832376987442
SPAG8	-10.6336461834667	73.3876031337475	0.955392010517522
RNF38	6.62694573924268	103.869589425209	0.901480396050451
RNF38.1	6.62694573924268	107.016516998181	0.901996411991071
RNF38.2	6.62694573924268	100.576836685268	0.900869612851098
RNF38.3	6.62694573924268	103.524575157873	0.901415757110968
RNF38.4	6.62694573924268	268.137032215583	0.913128004272743
RNF38.5	6.62694573924268	105.988952922183	0.901845770394818
OSTF1.1	6.43845538384029	180.63172795924	0.902621985456239
DAPK1.3	9.96238227235772	37.9985529767624	0.928620533819038
ABCA1	10.0302488430183	24.417376506962	0.90676873776037
ABCA1.1	10.3587526783667	250.555644947555	0.976838443735364
TLR4	10.85082179505	21.1420082719062	0.901194998699004
TLR4.2	10.85082179505	21.7839565230714	0.903054189890579
FAM125B	9.09263718910313	28.8229319073046	0.909130250201997
PTGES	9.29918138726993	24.5259888884619	0.902418756248203
PNPLA7.2	9.11625249163168	117.839570648152	0.955152079538763
AKAP17A	9.61382160834213	29.5081272013431	0.914437216691089
AKAP17A.1	9.61382160834214	28.9694939089548	0.913498308705715
ASMT	8.69843996479022	69.5243324218982	0.93834376412265
CD99P1	9.23643337204862	25.305125386273	0.903706604949261
CYBB	9.26287605475749	34.2191549681246	0.918904972542145
RBM10	8.62777818950836	83.8835797249931	0.942053381903836
PPP1R3F.1	8.95515359004537	32.145340568816	0.913262212240314
PPP1R3F.2	11.2361459420148	34.9345580682748	0.929725969241725
P2RY10	11.4784988743474	182.673941254407	0.977855685350789
P2RY10.1	11.4784988743474	203.563397312087	0.979304035825311
DOCK11	8.63641461309151	89.9487389261424	0.943800824420372
DOCK11.1	8.84349545189914	98.3230825522933	0.948287205050602
RNF113A	6.79636571629253	104.999874544765	0.907227236000603
MMGT1	8.92161238702354	34.1435681957106	0.915637419372509
AKAP17A.2	9.61240814412771	29.4791941766532	0.914382985716438
AKAP17A.3	9.61240814412771	28.9410890197931	0.913438052067214
ASMT.2	8.69702951168486	69.4562311303779	0.938319113679626
CD99P1.2	9.23550006189017	25.2887330788917	0.903666616452801
USP9Y	7.73308992470204	37.5485367136344	0.902999411128306
C1orf174.1	9.21578742860929	87.5357836770778	0.949944810397009
TNFRSF1B.2	8.18297889137361	34.2440612043043	0.906731488202024
TMCO4.4	8.34849917309469	28.6091341484343	0.900764437627532
GALE.4	11.5444655919823	35.0334815192966	0.930537790498624
HMGCL.2	9.96700326330231	36.7231684117365	0.92708672847537
FUCA1.1	9.98895747744887	73.2642125335773	0.951910272387395
GNL2.1	7.31441033401913	295.617155598652	0.935502389723504
TESK2.1	9.1355310750369	226.594386592845	0.965237397461004
TESK2.2	8.10728492357567	125.472353296752	0.942596787225593
NSUN4.3	10.0048798836389	46.5108404836083	0.936837348160118
NSUN4.4	10.0117056345661	96.2951088357216	0.958711603511319
PDE4B.5	10.608911338243	71.0809623032168	0.95446351049698
FCRL5.2	11.6906005238604	54.3681646139359	0.948991659933444
SLAMF6.2	8.27993712300513	93.7504332686217	0.939717615480478
PTPRC.6	10.4691636851675	587.723403052332	0.984204543898331
PTPRC.7	10.5069344166885	330.130009554979	0.980440147354871
CR1.2	9.38724293793413	39.7740526640223	0.926520316073458
CR1.3	9.58674800013756	52.3729556508441	0.938387587132469
CR1.4	9.44689295325876	51.5442910091795	0.936733268511798
TAF1A.3	10.1729924366293	45.8429910658673	0.937267909231591
MIA3.2	7.44905036167524	106.280278581209	0.926046479779789
PWWP2B.1	8.41457922983321	49.3563398479698	0.924042124868189
TRIM22.2	8.19649069386632	61.169292046428	0.927991125840512
SNORA57	-8.22273262424445	113.084914177021	0.942577614658797
ZNF384.2	-9.53508114266674	120.94682537954	0.95993207433478
ITGB7.1	11.0707138491248	122.491081895702	0.969215978964955
CALCOCO1.4	8.74163470812705	30.4309840026731	0.908333219210912
PRKAB1.1	8.08623209419033	218.958099914989	0.949926733405459
KIAA0226L.5	9.19100625059141	45.1825929014833	0.929715561276893
KIAA0226L.6	9.19100625059141	47.3712007384766	0.931450952465729
KIAA0247.1	7.61165491380563	835.985180004937	0.947991947521946
DPP8.5	8.70270590692786	74.0128248268709	0.939923583626628
DPP8.7	8.83846512467986	72.3246135829488	0.94111009161748
MGRN1.2	9.55398519032961	59.8364977766153	0.942848769532052
MYH11.6	8.53911601872195	31.9091259975458	0.908334314786157
CD19.1	10.1468641434037	39.4757191954047	0.931293737418003
ZNF276.4	8.32652279795477	45.5455333948699	0.920175839826899
P2RX1.1	8.3892105870081	95.6338694387871	0.94177620136673
PIK3R5.2	10.3716602387293	38.6344979377596	0.931377001136659
PIK3R5.3	10.3716602387293	38.3028713460192	0.931018748031388
SREBF1.6	7.70511169399476	134.266478510448	0.936140014516372
SREBF1.7	7.63485746860401	128.273450598099	0.933543501184591
IKZF3.10	8.64811180284303	31.6075720106056	0.909076019227346
IKZF3.11	8.64811180284303	31.1043854278896	0.908321167883212
IKZF3.12	8.64811180284303	33.9903593335701	0.912450938771038
IKZF3.13	8.64811180284303	36.76169873568	0.915824214951863
IKZF3.14	8.64811180284303	28.7169502916172	0.904477889922077
AARSD1.2	-10.0614684437264	43.2671544474833	0.934501581736761
AXL	7.79622055865735	556.112900616802	0.950885909532874
ZNF419.2	-8.49939483578316	32.4932046760419	0.908702428068638
ZNF419.3	-8.49939483578316	33.0336033892042	0.909445775872694
ZNF419.4	-8.49939483578316	33.0759179964491	0.909516440476027
ZNF419.5	-8.49939483578316	34.4896705020854	0.911373440517112
ZNF419.6	-8.49939483578316	34.5358002441747	0.911444652908068
NT5C1B.3	10.7672180393041	28.6876031254	0.918562057490311
ARHGAP25.3	9.81798964037751	286.177103459866	0.974301639254461
ARHGAP25.4	10.0865122443045	50.4637086431771	0.940418235849961
ELMOD3.3	-6.99282596198629	84.2275811414447	0.909362512154038
ST3GAL5.2	9.61366207391116	403.996583150287	0.975519918927432
AFF3.3	8.7512534000831	245.960816344498	0.961361252242506
AFF3.4	8.55730481481374	286.880902320516	0.960194464606072
LOC150776.2	7.54993446058905	123.890554203589	0.931191848920174
CXCR4.2	6.6648527682606	313.845687545433	0.91514550608729
KYNU.2	8.47702967654151	241.763926857698	0.957410607907314
CASP8.10	7.94773336735822	80.3646205251358	0.930524643595678
CASP8.11	9.04498795020337	334.769778132866	0.967901836458005
FN1.12	7.94446481107086	1154.7250381447	0.955990742389176
FN1.13	7.94446481107086	1039.03629368638	0.955802303446954
ZFAND2B.3	9.74177886287318	112.497009137964	0.960141876994289
DIS3L2.2	7.31452060896253	132.178020035176	0.926449103682502
MLPH.6	7.44747100556374	188.838442969309	0.934797934840662
ITGB2.3	9.64662380023982	45.5382683559979	0.933773024198518
RNF185.3	9.39929586627678	83.3088772438613	0.950487667931143
TUBGCP6.3	8.43049123191287	43.362161773434	0.919744183180181
TUBGCP6.4	8.43049123191287	39.6863156299985	0.916359951246902
TUBGCP6.5	11.8238494320512	375.116540882493	0.987082072280577
ITPR1.1	6.90749689445259	353.313644856059	0.925160707193821
PPM1K.2	9.18917273841726	61.1145682055674	0.940246230536421
FAM13A.8	10.0085564791111	39.7295366420203	0.930773339176401
BANK1.3	7.57263503306346	175.448281365415	0.936854877364046
NR3C2.2	8.80101472405928	117.809451335871	0.9514550608729
FAM173B.2	9.06747849554254	285.970231871497	0.966815573602114
NPR3.3	9.10811766009948	49.7375632273293	0.932339463989811
EMB.2	12.3577130027895	94.5382499472437	0.966759151476972
C5orf56.2	10.4751013504535	292.024503505754	0.979094233165802
HLA-DMB.5	7.79708336852072	37.2878077236717	0.903818901411923
HLA-DPA1.1	11.5889816028352	307.34562114323	0.984434066912258
TREML2	9.4534114726534	32.3637814404011	0.917847194642637
ADAP1.3	7.38522702760819	48.6489591808805	0.905005957190397
ELMO1.3	8.43641352810457	180.550542021024	0.953433121978609
IKZF1.6	7.11575591420903	2308.94861845954	0.936229303898878
LAT2.3	9.42656779566115	27.9481301125696	0.910406047575355
PMS2L2.10	7.77210453820686	43.9722702172598	0.909669273222772
CDK14.6	6.83072311344672	430.106503319413	0.922918612453952
SAMD9L.4	6.7952126114792	212.250750960221	0.916810780460416
SAMD9L.5	6.7952126114792	256.651858926543	0.918553292888347
SAMD9L.6	6.7952126114792	425.058590505639	0.921902466413771
CLEC5A.2	11.2766198549979	302.576053529524	0.983203188123964
CLEC5A.3	11.2766198549979	152.941979468942	0.974308212705934
ADAM28.2	9.32856703929485	46.4147208702652	0.931887539201052
RRM2B.3	10.3791805843355	220.092678968165	0.975372016269292
RRM2B.4	10.3791805843355	237.632198371798	0.976342148149163
RRM2B.5	10.3791805843355	459.895150082733	0.982267566864327
TATDN1.2	7.61939973973364	222.385463465162	0.940544227003191
DOCK8.4	9.81434373145216	61.9769109243351	0.945897207652593
DOCK8.5	9.81434373145216	80.4946665420405	0.953002013119514
DOCK8.6	11.2335929446112	263.290028403625	0.981596527026472
TESK1.1	-7.2803087942981	48.087111145502	0.901747168622725
NPR2.1	-8.35730295317858	46.563368388467	0.921376590295942
PNPLA7.3	9.11625249163168	116.000626037538	0.954839292806179
USP9Y.2	7.74074372049658	47.4654094470218	0.911720190082305
PER3.5	6.91005427637371	68.0825947168206	0.902291669519727
FBXO44.5	11.7173532796972	50.3237477726255	0.946110297037838
FBXO44.6	11.7173532796972	50.7940631723697	0.946443899700086
HMGCL.3	9.9690212273099	35.9412029513798	0.926151107215732
FUCA1.2	10.5897629731369	80.2893262531767	0.957507566316539
RBBP4.2	6.88975029960267	416.643560935189	0.925563878884157
RBBP4.3	6.88975029960267	82.1812557397344	0.905926240396598
SYNC.1	7.42634572909001	188.453296483984	0.934375590583531
GNL2.2	6.77931551189551	158.55334155473	0.913092398077265
TESK2.3	8.10728492357567	162.623385278471	0.946740800591611
TESK2.4	8.19329229164406	294.814862378785	0.95460155297791
NSUN4.5	10.0048798836389	104.137088773046	0.9604360389477
ST6GALNAC3.2	6.68831989906272	210.831383795016	0.912817408690651
FNBP1L.3	7.52728008722347	157.236548142716	0.934286848988647
CD53.2	10.7901832022025	529.728299791701	0.985399268703524
FCRL5.3	11.4498995952733	84.9275881307688	0.962022431903151
FCRL5.4	11.4498995952733	100.653586441424	0.966179592172115
SLAMF6.3	9.00088573391491	64.2197879748323	0.939757056189315
SLAMF6.4	9.00088573391491	69.074071824231	0.941810711986963
SLAMF6.5	8.25600849249062	83.5097426071754	0.936775448158749
SLAMF7.3	10.8512007270889	58.6436094028556	0.949453444899413
SLAMF7.4	10.8512007270889	59.2495212343242	0.949841826323934
SLAMF7.5	10.8512007270889	59.2932801126362	0.949864285616467
SLAMF7.6	10.8512007270889	77.2695873652641	0.957631914106901
SLAMF7.7	10.8512007270889	86.8864732386465	0.960587776119199
PTPRC.8	9.00664791311112	277.506140142702	0.965881595705345
TAF1A.4	10.6922285290615	72.9686014880057	0.955451719368401
CELF2.6	7.31638803803268	88.6963133457507	0.919289519453308
CELF2.7	7.31711907433516	73.402292360971	0.915129620246231
CELF2.8	9.02808009296921	110.217619271613	0.952931896303803
CELF2.9	8.96418419280915	73.0825356253147	0.942791799619288
CELF2.10	8.96418419280915	76.0488267771657	0.94378439079169
CELF2.11	8.96397226567135	91.9373951431246	0.948292682926829
CELF2.12	8.96418419280915	83.4622372635131	0.946001287300913
PTPRE.5	7.94537370287436	47.9202507151839	0.915803946809822
LMO2.4	10.8281545369403	44.908853137328	0.939334164144561
BBS1.4	11.0838647379767	57.7025050122196	0.949709261719231
BBS1.5	10.4525478014365	37.271322486107	0.93007107544405
RAB30.4	7.20003775301898	270.718277800733	0.931537502910122
RAD52.6	6.99143181628146	74.4590823153482	0.906721628024815
RAD52.7	7.93651677278374	90.1373010206751	0.932956272853015
DAZAP2.1	10.4538608966478	271.99491733801	0.978205173854097
DAZAP2.2	10.4538608966478	250.157795708497	0.977384587995234
DAZAP2.3	10.4538608966478	252.436318296446	0.977482094192082
ITGB7.2	11.0642036107498	184.438368826642	0.976487311869188
CALCOCO1.5	8.74163470812705	32.459716269518	0.911394804234398
CALCOCO1.6	8.74163470812705	30.7722080842526	0.908850330726777
CALCOCO1.7	10.9228464451014	45.9492003369026	0.940457676558798
NCKAP1L.1	9.96716999985077	45.4881132224071	0.935852426014434
NCKAP1L.2	10.1081874036667	42.828488765319	0.934400788814177
BAZ2A.5	10.2541229907594	262.734910547452	0.976630284438723
KIAA0226L.8	12.1768648872889	39.5134703493744	0.937229016310376
KIAA0226L.9	9.19100625059141	44.9288876835577	0.929538625874748
RCBTB2.6	-7.31528002271516	56.4223799792624	0.90817271743745
BRMS1L.1	7.88039457757883	38.5320530834734	0.906793388203394
C15orf29.1	7.35390924084035	309.592156080545	0.936905821612961
C15orf29.2	7.38507245409315	424.103276796258	0.939996439380452
RHOT2.3	-9.71360908767034	24.27736386512	0.904694266033059
MGRN1.3	9.55398519032961	99.1293375782189	0.955882828227496
MGRN1.4	9.55398519032961	59.8645242392741	0.94286027307213
MGRN1.5	9.55398519032961	243.449065239715	0.970395365716712
SNX29.2	7.61055405515417	47.5179778939462	0.909030552854658
DYNC1LI2.2	6.59190748577108	181.233328346468	0.908219279385382
DYNC1LI2.3	6.59190748577108	177.909398306925	0.908023171416442
ZC3H18.5	9.56134698401039	83.5356132140119	0.951981484778351
ZNF276.8	8.32648186680593	42.7138043693173	0.91789375659057
P2RX5.6	8.01150533915618	272.573166605828	0.950563262623081
PIK3R5.4	10.3716602387293	37.3248539398694	0.929811424110872
GAS7.5	7.93761628404053	52.8046108014646	0.918887991125841
DYNLL2	10.111635795006	66.6763838448935	0.950036838717629
BZRAP1.3	7.44039927108734	40.8028401279884	0.9001180482327
C18orf8	9.73335759042382	163.474819335154	0.966885142630202
C18orf8.1	9.73335759042382	158.820441362075	0.96643869571767
C18orf8.2	9.73335759042382	163.558911320409	0.96689664617028
EMR4P.1	7.91040851946092	126.365989046242	0.939103545555388
FCER2.3	10.569154463157	296.773837701093	0.979725832294819
SARS2.2	11.4049991083001	31.2838259113737	0.924660029306638
SARS2.4	11.4705841578097	58.2828227772615	0.951124197148765
NT5C1B.4	10.7672180393041	44.6456588832592	0.938897577409238
NT5C1B.5	10.7672180393041	28.2498472282678	0.917763383136358
NT5C1B.6	10.7672180393041	29.2619597738538	0.919574916804755
ARHGAP25.5	9.73778453288538	706.371798913345	0.979630517248463
ARHGAP25.6	9.81798964037751	298.018914637516	0.974671943687432
AFF3.5	8.74640958327109	214.995889264953	0.95982799468646
LOC150776.3	8.93554762645468	103.483985146178	0.950683228112461
LOC150776.4	8.93554762645468	120.311580075922	0.953627038797058
LOC150776.5	8.93556836471622	109.30978393196	0.951798523712357
CYTIP.1	8.53226867189955	29.6119095467951	0.90461648019063
CDCA7.2	7.35055128285999	262.716592267365	0.935616329549034
CDCA7.3	7.35055128285999	241.706327159962	0.934897084400378
STAT4.4	9.9807811932794	45.8400591762449	0.936179455225209
FN1.16	6.86110694547543	330.030807554285	0.922458470850851
PECR.1	7.71260161319275	44.403676807662	0.908963174977061
RBM38.1	7.51653271206394	39.9009506321843	0.900872351789211
ARFRP1.4	6.99725826926354	86.0396074914221	0.910098738718999
ARFRP1.6	6.99725826926354	94.2116190577716	0.911966694512538
DYRK1A.7	7.49716786009416	41.2327548332635	0.901731830569288
ITGB2.4	9.64662380023982	35.4885548647522	0.923555141671574
RNF185.4	9.39929586627678	73.4352325334778	0.947394311225538
APOL2.2	6.79407977159056	169.212457802189	0.914180304296024
CELSR1.1	8.67056596960385	47.1223527017634	0.925682201010668
IQSEC1.2	7.51288514545044	89.7636169437864	0.923893674422426
MYD88.2	9.19624595958684	24.2362920788577	0.900998890730064
MYD88.3	9.19624595958684	25.8725355948119	0.904583612933266
MYD88.4	9.19624595958684	27.2444100273727	0.907353774941455
MYD88.5	9.19624595958684	25.4361085184051	0.903661686364197
ADAMTS9.4	8.30858781075911	33.5990765556554	0.907811725394065
SIDT1.1	9.98264650948382	132.62957979255	0.965167828432917
SIDT1.2	9.89569652829528	129.515056423822	0.964129223100204
FLJ42393	11.0035731122449	38.6342149291332	0.933671683488312
PPA2.5	6.72871817149916	852.013948890518	0.921927664644417
IL7R.1	9.92469952683531	26.1862751474058	0.910174333410937
IL7R.2	10.1761443939235	72.5123687206484	0.952810287451555
SMN1	6.35919862738246	225.678962109599	0.901801399597376
EBF1.2	6.89389288305397	87.5512164681897	0.907249695293135
EBF1.3	6.89390625020739	85.6730435157126	0.906807630681585
DUSP22.2	8.66264129577748	158.435760969796	0.954723161830158
FAM65B.2	9.02747695425095	312.640400123261	0.967149724051985
FAM65B.3	7.48459030428379	57.9602473976229	0.912638282138015
HLA-DRB1.1	6.98903575301912	225.34946304893	0.924165924870928
HLA-DQB1.2	7.83496760124808	80.9953664450136	0.928389915229865
HLA-DQB1.3	7.81106232899073	74.5536015242101	0.926158228454828
HLA-DPB1.1	9.91165858498497	163.398118794581	0.968217909916325
HLA-DPB1.2	10.1233040366647	153.055761183771	0.968719683378754
HLA-DPB1.3	10.6560914393088	38.2485779257759	0.932145547171362
TAPBP.4	10.5591972123849	198.917585821834	0.975132085290533
SCML4.4	8.0750821078185	50.5573451290598	0.919925500883307
C7orf41.1	8.27944994688172	353.691474619733	0.957677928267211
ELMO1.4	9.61520445886389	208.145920867056	0.969157365689322
ELMO1.5	8.6189940670075	320.710069093008	0.962013119513565
CDK13.4	6.61911823909183	126.169532895208	0.904446118239958
POLM.6	12.184166669364	29.3459133422049	0.922738390326071
IKZF1.7	7.09100610019523	267.585001409495	0.928245847085085
CDK14.7	6.83072311344672	552.263568330871	0.923989537256406
CYP51A1.2	6.83010920730801	111.775055663724	0.909193793566234
CLEC5A.4	11.2983649914388	409.33943672616	0.986040728009751
ZNF767.2	6.46150380009099	364.889159920317	0.909009736924994
ADAM28.4	9.06525820429222	77.6122879665084	0.945415702332206
PLEKHA2.1	6.53188334825333	232.817569235552	0.908059325399543
CD274.3	8.11384286044097	45.4717915010773	0.916766957450596
PAX5.6	6.82669007753167	173.689397042215	0.915681242382328
PAX5.7	6.82669007753167	590.006766241339	0.92421248681886
PAX5.8	6.82669007753167	622.072351363151	0.924381753194287
PAX5.9	6.54503934695214	116.373269653764	0.900867969488229
PAX5.10	6.54503934695214	130.969239067964	0.902755645636187
PAX5.11	6.54503934695214	139.647923584516	0.903723586365566
PAX5.13	6.54503934695214	113.746591339694	0.900519576560168
PAX5.15	6.54503934695214	119.615868498605	0.90131222525027
LOC100499484	8.28642633956257	200.50945027094	0.952431766204243
FAM125B.4	9.49354422587623	87.9010710520432	0.952636638775147
PNPLA7.4	9.16526728385533	203.359956419844	0.964278221333589
CYBB.2	9.26287605475749	81.7541062438235	0.948659700634064
CYBB.3	9.218383400897	90.3220284355	0.950689801563934
PPP1R3F.3	8.95515359004537	42.7183438328298	0.92537653551718
MMGT1.1	8.92161238702354	124.109692440542	0.954017063584448
HMGCL.4	10.132012541894	199.96153231333	0.972611714438312
CNR2.1	12.2406962565477	28.6538536780108	0.921535996494159
TMEM200B.1	10.8644644374998	25.4097262882439	0.912230728146697
C1orf212.1	10.8584614154732	26.7166728806911	0.915116473343285
C1orf212.2	10.8584614154732	27.2000485990262	0.916093726462251
MIR761	-7.5941306552559	131.052183191182	0.932964489667356
PTPRC.9	9.00664791311112	270.308914569273	0.965602771805371
MIR675	9.91784037756147	84.8945643140494	0.955102778652716
MIR483	9.91784037756147	81.5434630911264	0.95411347420605
MIR4686	9.91784037756147	81.5434630911264	0.95411347420605
NOP2.3	9.36887535135398	97.7365290711304	0.953905862697032
NOP2.4	9.35026248623598	92.7289475520762	0.952555566206982
NOP2.5	9.35026248623598	99.1004629700565	0.954008846770107
DAZAP2.5	10.4538608966478	248.857353481279	0.977328713657715
DL490908	8.01894674991091	121.148914241868	0.940225414606757
GPR183.1	9.52937607615667	154.029328302985	0.964236041686638
KIAA0855	6.16452465332852	3692.84768233619	0.900075868585749
HP06981	9.81448010439526	267.696094808735	0.973547883485573
CCPG1.7	8.19046917114219	113.951315073403	0.942191424384766
MTHFS.1	9.6579959353502	29.772775372549	0.915264923789047
MTHFS.2	9.6579959353502	30.8374799432202	0.916993193738788
ST20-MTHFS	7.41409789094481	78.358139690607	0.918681475192068
ST20.2	6.81586639410073	193.72660047117	0.916524287533723
ST20.3	6.81586639410073	201.678065415882	0.916899522055299
ST20.4	6.77686268014472	158.697376611266	0.913104449404966
FAM192A	6.69909127219474	106.734991858838	0.904086221771819
C16orf80.1	7.58494090821971	177.142637658801	0.937172046397612
MIR4719	11.2229843161142	182.422501379922	0.976932115418852
PIK3R5.5	10.3716602387293	36.8223260475194	0.929189685159064
FLJ40194.1	11.0657491405997	143.399265475189	0.972366853370948
FCER2.4	10.6049172225841	384.933049866952	0.982310842086523
DQ588114	-7.09801218814752	1133.14267397936	0.934750277317484
DQ575049	7.02079275420056	82.1708886079873	0.909580531627888
C3orf39.2	-8.8177627942313	26.2868382732043	0.901972857123293
FILIP1L.6	8.98933823234783	117.488224194646	0.953713041453828
MIR3921	11.0665351918906	234.02267760908	0.979638734062804
SIDT1.4	9.89569652829528	132.761951988764	0.964570739924131
MIR572	9.34720936635716	43.901967079759	0.930063406417332
U6.113	8.65775995358206	26.9142357250985	0.901408635871872
Y_RNA.65	10.303388082726	164.548597960118	0.971001218827461
5S_rRNA.100	10.1604999246898	94.6715551736396	0.959318552197313
GAPT.1	10.8212981107401	177.163497376312	0.974852713602936
Mir_340.8	8.9908501492103	32.2421682051129	0.913679078621219
DQ570835	8.60808967682519	91.7405472336661	0.943902712918202
DQ570835.1	8.60808967682519	91.7405472336661	0.943902712918202
DQ570835.2	8.13128960733287	91.6862688207074	0.936792429575054
C5orf56.3	11.3515114069225	571.906421428647	0.988346366113858
ZFP62.4	10.4354570401177	24.112194152485	0.907806247517837
HLA-DQB1.18	7.83496760124808	47.2148470262399	0.913085824625793
ELMO1.6	8.5701138630142	170.489818735636	0.954613056517988
IKZF1.8	7.08583182367243	80.8244662830342	0.910896865285329
IKZF1.9	7.08583182367243	84.4121275435225	0.911843990085044
IKZF1.10	7.08583182367243	86.5196986954322	0.912371509565741
IKZF1.11	7.08583182367243	78.9422900516709	0.910394544035278
IKZF1.12	7.08583182367243	78.5446626672602	0.910279508634502
IKZF1.13	7.08583182367243	80.6572432493451	0.910854685638378
IKZF1.14	7.08583182367243	80.2421974007207	0.910752797140549
IKZF1.15	7.08583182367243	78.5446626672602	0.910279508634502
IKZF1.16	7.08583182367243	82.9748156875136	0.911474233439695
IKZF1.17	7.08583182367243	82.5356405868387	0.911363032552279
POP7.1	-7.46807038030143	43.9464616796213	0.903508853617452
MIR1322	8.04474008557293	41.0378791139861	0.911881787431013
IKBKB.10	8.14386910919206	51.0701164449681	0.921317977020309
AX746775	8.61191483307616	70.1672834679793	0.937527012777146
JH8	7.06048392234144	74.0257204304193	0.908341983812876
MIR661	-6.82890483224064	81.3808350306109	0.903037208474274
DOCK8.9	9.81434373145216	79.4295406994442	0.952666219306775
C9orf123.2	10.2526385551761	72.1454480714073	0.953083633475302
