Name	MvalueInSignal	DvalueInSignal	ProbDiffExprn
ISG15	-14.0997437157461	1465.20413838546	0.993802479008397
ANKRD65	-14.4700321776453	50.371631336785	0.92393951510305
FLJ42875	-15.2268168298589	59.4050016749179	0.9322452837047
CCDC27	-15.321134969784	771.715339995332	0.990858202173676
LOC388588	-17.4425512149883	3021.07149866069	0.997637308712878
C1orf211	-12.6052850954635	45.5311542468485	0.917160408563847
CDA	-10.1159950449631	153.632264294349	0.904710842935553
IFI6	-10.1987293177602	118.236686076561	0.902820689905856
FABP3	-12.9947161521347	40.4148313665225	0.909545272799971
TMEM54	-11.0163434953865	67.043493864969	0.91541565192105
AK025726	-16.4989491860236	1090.24805717786	0.993493511686235
LSM10	-11.3612020912956	213.864278470939	0.951364908582022
ATPAF1-AS1	-13.4723212644924	44.3522646859503	0.915888190178474
LDLRAD1	-11.6778546302092	81.6849994520156	0.936243684344444
MIR101-1	-12.3235329256566	235.210579053149	0.96943040965432
SNORD45C	-10.4204306615071	120.873295424796	0.91181709134528
S1PR1	-11.3934088836693	41.1632350610556	0.90307513358293
CHI3L2	-12.0761724632435	50.5452416540407	0.921195158300316
ECM1	-13.2565872565749	68.3189513245643	0.939133437534077
TNFAIP8L2	-14.0064878070873	67.1780533885456	0.938406455599578
LCE5A	-12.9284643947147	74.2220127016702	0.942768347206572
CRCT1	-12.763457879371	106.448942367258	0.955199738286504
LCE2A	-12.7917847396665	41.2266206107051	0.910944713023881
LCE4A	-12.7917847396665	62.9024726843748	0.934498927701647
EFNA4	-10.754608269249	59.8269293374962	0.903802115517429
SCARNA4	-9.91111229765544	231.373275566912	0.901493947875395
CYCSP52	-12.112177529643	191.231108845349	0.963669077823416
RGS4	-15.0636487172751	53.4588295884999	0.926992839227945
SNORD44	-10.9407783211236	110.866772289853	0.928137835774781
SEC16B	-11.8492784573543	529.622338476121	0.971665879102904
DQ571986	-13.6107696288571	1435.30348146757	0.992712006106648
DQ595741	-13.6113812930696	1389.59244148369	0.992566609719748
DQ578106	-11.7494813486621	394.955984801072	0.967031369270474
DQ576856	-11.1926633036297	277.711323595786	0.950801497582785
DQ590691	-10.248042825306	139.424646650528	0.908636545381847
DQ591798	-11.9826702464649	464.263330433	0.972720002907928
RGS1	-11.1181289094723	47.0176411182623	0.904729017483916
MYOG	-13.2401631785546	43.2625045321867	0.914197957180764
AX229788	-11.7062826810777	243.469867307169	0.960543055505071
C1orf198	-11.1171460114381	45.7603569084329	0.90351132274363
DQ589067	-10.107462738193	126.469018211733	0.900258078586747
LYZL2	-12.0030232146631	290.879395271557	0.967831049398422
FZD8	-13.9756943602109	973.399813933143	0.991457962269638
SNORD98	-11.8478915794885	189.333691256813	0.959179964377885
DQ574810	-10.4375837464167	159.016084777487	0.918741594271382
PPIF	11.9896381818518	45.1599163912504	0.914197957180764
LIPF	-12.8050839201762	59.094133701277	0.931100287157864
ANKRD1	11.7704081471527	59.6555871357262	0.925211733488423
CYP2C8	-11.1602520581784	108.402099714825	0.933444803896623
TM9SF3	14.0863367490553	56.2062243790156	0.929264657773254
EIF3A	11.8174717637747	79.0465197658331	0.937406855439642
MGMT	12.8754198630139	117.843904084591	0.958180364217949
NKX6-2	-13.6298049313112	42.8175152511866	0.91372541892334
OR2AG2	-10.9309747373246	78.1329239048068	0.91857802333612
MTRNR2L8	18.6194401814835	140185.122235856	0.9998546036131
SAA2	11.2544172360816	48.031180616433	0.908327578059685
RCN1	11.1615254254274	45.1409486371097	0.903765766420704
CSTF3	12.1325967584863	38.7743516193949	0.905546872160227
TRIM44	13.8858985448027	69.2503110516185	0.940242084984188
DQ592438	-10.417389442737	147.003888951343	0.916233506597361
PRG2	12.5303231248329	71.6883983483258	0.940332957726001
AB231721	-11.2812462102636	129.886024496714	0.940351132274363
FTH1	11.9991252225441	91.1890728760239	0.944349532914107
AHNAK	14.6901905968407	56.7335826592567	0.929828068772491
DQ593252	10.3444141789216	954.660336191635	0.932917741994111
MACROD1	11.7213205834629	52.4466082923343	0.919050561593544
AB231703	-10.5435051728217	74.6778417584652	0.904547272000291
C11orf67	10.4784375217996	258.813776458497	0.927192759259932
SCARNA9	11.7668430358903	1240.51574515881	0.976682054450947
MMP12	-12.5554899627298	55.7105000037326	0.927683472065719
AL833634	-13.0637707222108	86.9349156520585	0.949202137326887
PDZD3	-13.3696181016366	48.340008187634	0.921395078332303
C1QTNF5	-13.3333655448595	35.7603837248483	0.900948711424521
MIRLET7A2	-13.3515788797991	499.690937971447	0.984188142924648
GAPDH	10.9741769019908	47.4285697409091	0.901930137036095
C12orf39	-15.1063687651626	90.011013307532	0.951601177710734
LDHB	10.1535948610146	137.345255305782	0.903602195485442
HOXC13	-13.2538912674078	74.2130009025261	0.943131838173821
HOXC11	-12.2065763196837	39.9414981167218	0.907636945221911
OR6C2	15.1117678324512	9386.48212484484	0.998745956162989
RPL41	12.323131977347	676.475405948229	0.981443786121915
ATP5B	12.1127021558299	47.3090865767922	0.917723819563084
IL22	10.1270453853564	147.063371043183	0.904165606484679
SLC35E3	12.8385710023286	61.9142262786987	0.933880993057323
LYZ	11.977476779986	56.965994135581	0.925139035294973
BC118985	12.59468065418	108.509791731015	0.955036167351241
BC122534	12.59468065418	112.609050529742	0.95605394205954
BC107595	12.9037287865307	114.564399456831	0.95745338228345
UBE2N	13.1870038122649	89.2570910337283	0.950456181163898
AK130911	11.7261007365879	42.3419420375648	0.908309403511323
SNRPF	10.9269130812465	47.9003054141536	0.901294027843408
SLC25A3	12.0672226615483	39.2818411188021	0.905946712224201
CHST11	13.4868981312449	143.254358470239	0.965377485369489
LINC00173	-10.7224935871167	70.4117745627143	0.908927338155647
SNORA49	-10.8384794082135	220.56060948532	0.937079713569118
AK055957	-13.9136956304855	48.4581415100991	0.921794918396278
BC048997	-12.8850161015047	58.2815470816648	0.930645923448802
C1QTNF9B-AS1	-11.5508558248267	228.953047843974	0.956490131220239
C1QTNF9B	-11.9474022139176	170.116410571312	0.959052742539348
PABPC3	10.8853853195405	117.463683079344	0.92710188651812
SNORD102	-10.9491870629303	487.159800732463	0.950456181163898
SNORA27	-10.5407581423757	278.330930645162	0.93019155973974
GSX1	-13.3155297654295	41.4283506487372	0.911489949474756
POMP	11.011584644653	47.5862050487024	0.902602595325506
C13orf33	-11.2442784928166	95.5508620241768	0.932372505543237
DQ594776	-10.6519352104198	190.868296970726	0.928610374032205
AK097816	-10.3720850164406	90.0975677297232	0.903529497291992
GAS6	10.4541002613523	76.8619971679681	0.902202755261532
RNASE10	-12.0949113492479	39.9393994897345	0.907128057867762
IL25	-12.0477939071869	42.4671476205867	0.911017411217331
PSME1	11.7858724587008	91.8963463782332	0.941568827014649
PNN	12.3057313618046	52.2477102860805	0.92379411871615
RPL36AL	10.8869738888176	324.406296833712	0.943749772818145
DAAM1	12.6343951877208	36.7166135508629	0.903020609937843
GPX2	-13.2523261136566	41.5245892851171	0.911635345861655
KIAA0247	12.7173968706386	70.1464896737111	0.939860419468576
SNORA79	-9.69020341205638	3235.4722336081	0.903311402711643
BC040628	-14.2901862155928	58.1457686285761	0.931245683544764
DQ587983	-11.818940301031	388.53946182705	0.968267238559122
DQ574857	-12.1810802986965	499.432531467041	0.976463959870597
CALM1	11.1500617959245	53.444484229983	0.910599396604994
SNORD113-5	-10.7636340145369	212.40337013102	0.933826469412235
SNORD113-6	-10.7636340145369	221.014317568764	0.934408054959834
SNORD113-7	-10.7546918559138	213.867663158927	0.933844643960598
SNORD114-3	-13.0195494414482	1056.1271236911	0.989240667369416
SNORD114-4	-13.0195494414482	751.475068780203	0.986950674275744
SNORD114-5	-13.0378631636859	1147.12954370639	0.989804078368653
SNORD114-6	-13.0378631636859	1114.81603543297	0.989676856530115
SNORD114-12	-13.4646614250564	1437.87833741169	0.992203118752499
SNORD114-13	-13.4646614250564	1457.57530093788	0.992221293300862
SNORD114-14	-13.4646614250564	1437.87833741169	0.992203118752499
HSP90AA1	12.0092809039323	230.443579097168	0.964886772563702
ANKRD9	-12.4516865406032	36.8663711409329	0.902875213550943
MGC23270	-15.2232244429187	104.582710288941	0.956635527607139
PLD4	-14.1060080426454	152.634928674166	0.967903747591872
HERC2P7	-12.7379998055972	91.7060855952406	0.950401657518811
OR4N3P	-13.7192282715337	49.5424205115935	0.922885391298026
DQ588973	-12.680506157615	6455.47637817734	0.992966449783723
DQ595055	-13.680506157615	5648.97211946684	0.996928501326742
SNORD116-4	-13.327689437577	361.090249803674	0.980426011413616
SNORD116-11	-11.7651659688292	127.428040727873	0.950092690196649
SNORD116-12	-11.7651659688292	127.428040727873	0.950092690196649
SNORD116-15	-11.4878908493844	105.140594814741	0.940351132274363
SNORD116-16	-11.4878908493844	105.140594814741	0.940351132274363
SNORD116-19	-11.5404113111687	109.04005744811	0.942186761658973
SNORD116-20	-11.5404113111687	109.04005744811	0.942186761658973
SNORD116-22	-11.5404113111687	109.04005744811	0.942186761658973
SNORD115-10	-11.1147795770302	93.0512259510422	0.928265057613318
SNORD115-11	-14.2783048925409	834.088509942801	0.990803678528589
SNORD115-17	-11.6491426292081	134.785150993324	0.949256660971975
SNORD115-44	-10.7688819055161	73.2054536548511	0.91167169495838
AVEN	12.4770999502559	72.9224460292717	0.9407691468867
GPR176	12.632134537767	48.2828777245516	0.920740794591254
BC031952	-14.0786827834144	140.664416341904	0.965486532659663
CHAC1	-14.5864402738403	53.663771061906	0.927192759259932
MFAP1	12.1422155724784	43.4653967833692	0.912653120569954
FRMD5	13.9538034544809	111.399111473286	0.958398458798299
RSL24D1	11.5592476128598	40.2525329045255	0.903693068227255
SNORD18B	-10.6995424214386	116.204770431061	0.920849841881429
SNORD18A	-11.6454267661078	157.484902815353	0.952655301515757
PIAS1	11.977823344821	59.4849627391274	0.927210933808295
DQ572823	-11.9711714113223	476.458727063929	0.97266547926284
ST20	10.8864516598238	68.7036267429407	0.912998436988841
DQ601279	-10.8239823105951	207.889349782372	0.935789320635382
DQ581594	-11.1215974178915	2767.23613057628	0.963941696048853
AK097432	10.3595411457929	122.168032812535	0.909872414670495
UBE2Q2P1	11.9906200353855	46.5148605456377	0.915833666533387
SEC11A	13.106264380707	125.048821773086	0.96076115008542
IQGAP1	10.8064382222022	59.3698786251463	0.905292428483152
DQ597539	-12.8931025274261	844.581563563386	0.987168768856094
DQ593624	-12.1776539963604	531.464069814718	0.977045545418196
DQ593864	-12.1776539963604	514.32006756263	0.976645705354222
DQ575740	-12.333317823708	657.809999453635	0.981352913380103
DQ582460	-12.3188747081539	606.341898628637	0.980353313220167
DQ593630	-13.1579701873222	1084.79576300836	0.989876776562102
DQ588439	-14.7659051809577	3196.63696726863	0.997273817745629
DQ597703	-14.7659051809577	3093.51964574384	0.997237468648904
DQ586526	-12.962108546496	947.06729920149	0.98831376540293
DQ593627	-11.0075785650879	244.259869174339	0.94378612191487
DQ586138	-11.0075785650879	252.983435930565	0.944349532914107
DQ586246	-11.5075833430228	333.969733857475	0.960706626440333
DQ579816	-11.5075833430228	345.485931576699	0.96097924466577
DQ591415	-11.8378765461922	434.399243654552	0.969666678783032
DQ576999	-12.962108546496	980.891131315828	0.988531859983279
DQ588406	-12.958619069771	913.286452665385	0.98802297262913
DQ601306	-11.8504835698849	438.212927383382	0.969939297008469
DQ588329	-11.8504835698849	423.605829803936	0.969412235105958
DQ576947	-11.7156235710507	385.792247612656	0.966231689142525
DQ576544	-13.3496771399198	1159.04351268756	0.990985424012213
DQ596816	-13.3496771399198	1197.67829644381	0.991148994947476
OR4F4	-13.3496771399198	39.139813609275	0.907618770673549
C16orf59	-13.4260642248184	39.7901165761323	0.908691069026935
DQ587956	-11.0183553448681	362.399864366088	0.948893170004725
DQ598207	-10.5999792058405	172.234394544563	0.92533895532696
DQ590011	-10.5999792058405	177.975541029382	0.92577514448766
DQ583840	-12.4796182329475	634.090826143151	0.982643306313838
DQ595581	-12.4796182329475	677.821227946127	0.983224891861437
DQ573186	-12.4796182329475	634.090826143151	0.982643306313838
MIR138-2	-12.4264788885716	225.545666678471	0.969539456944495
DYNLRB2	-11.7121093992506	71.7742229925744	0.932517901930137
ALOX15	-12.6741107101459	46.8682553325831	0.918886990658282
PFN1	10.6938226501578	134.502097773106	0.924248482425212
MIR324	-12.6955370090745	855.246299186874	0.986223692341245
SOX15	-12.6728940732484	59.4506395991339	0.931154810802952
DQ577610	-11.3511147213318	299.632051979043	0.955817672930828
DQ576593	-11.3822087170002	316.719860022099	0.957144414961288
DQ571776	-13.4955550989087	1419.77997276595	0.992293991494311
MTRNR2L1	12.7062925760448	1300.54361909824	0.988786303660354
BC033997	10.9177064614061	55.1970188091956	0.905946712224201
DQ581615	-13.4940636777528	1418.31287198455	0.992257642397586
AATF	13.2440192333296	88.6156292931039	0.950219912035186
EIF1	11.2453038740604	101.922892367182	0.934299007669659
PPY	-11.2976221128646	75.8130820340967	0.926502126422158
HEXIM1	14.0300863197831	74.8879134849842	0.943876994656683
C17orf69	-10.6926482075242	74.5601390843214	0.909727018283596
BC031827	-11.7449953843811	80.1651037419603	0.936552651666606
CSH1	-13.3908237557935	39.5823972995646	0.908327578059685
KIF19	-12.0684299209015	64.0613092756744	0.931663698157101
BTBD17	-13.5637460996693	140.091766397419	0.964759550725165
GPRC5C	-12.207899810069	98.3911022307022	0.949383882810512
DQ570973	-12.1004418267825	503.762197624448	0.975318963323761
DQ574804	-11.1372964147058	258.342569474916	0.948547853585838
NDUFV2	11.3850446529891	56.6116481067977	0.917414852240922
RAB31	13.3816048803378	52.8147914898765	0.926047762713097
DQ576414	-13.2512445910175	1082.59409231702	0.990185743884265
MADCAM1	-11.9235919243394	48.7734561967384	0.917723819563084
PTBP1	10.3316039513378	105.713034176641	0.905964886772564
ELANE	-10.5292769734902	76.2941051346392	0.904547272000291
IZUMO4	-13.4807634793054	54.8499242039987	0.927992439387881
ZNF554	-11.9122697265649	84.6263357315379	0.940605575951438
FUT3	-11.5050697200495	99.024627669254	0.939315183017702
CTXN1	-12.0565541590313	45.4571863382602	0.915088510050525
DKFZp547H118	11.5485243542565	47.7973651995521	0.913071135182291
OR10H2	-14.0634550607744	57.2704851664127	0.930137036094653
DQ601165	-10.8484179406281	290.938985653635	0.941296208789212
DQ589586	-10.8484179406281	300.63695184209	0.941659699756461
DQ597063	-10.8484179406281	300.63695184209	0.941659699756461
DQ600374	-10.08194593843	176.663174017197	0.90505615935444
DQ592014	-10.08194593843	176.663174017197	0.90505615935444
SNORA68	-12.2953553047502	130.071603131218	0.957762349605612
LRRC25	-12.8083550238702	57.3031161724442	0.929464577805241
DQ584913	-11.4386437926581	318.380847605917	0.958452982443386
DQ595898	-11.4429314638914	309.027890727592	0.958162189669587
DQ589342	-10.3540414903505	160.781794515098	0.915361128275962
DQ590656	-10.3540414903505	150.063008214092	0.914143433535677
DQ584258	-10.3540414903505	150.063008214092	0.914143433535677
DQ596454	-11.4218473156441	304.542858065853	0.95759877867035
DQ576791	-11.4218473156441	314.694286668049	0.957925920540875
DQ589720	-11.9619058958856	528.031754705581	0.973501508487514
BC040412	-11.6399786386173	73.2467006742821	0.931972665479263
DQ583499	-11.908131853865	456.082759712754	0.971102468103668
DQ571149	-11.908131853865	413.325000989684	0.969848424266657
DQ574292	-11.908131853865	440.880001055662	0.970720802588056
DQ600156	-11.908131853865	489.866667839625	0.971774926393079
DQ588170	-11.8956732074022	437.088109805283	0.970502708007706
DQ593116	-11.2618362944624	770.154197525442	0.962633128566755
DQ585741	-11.8932381487561	436.35079761771	0.970393660717531
DQ572701	-11.8932381487561	451.397376845907	0.970775326233143
DQ574380	-11.8458138117031	408.616002330289	0.968976045945258
DQ582882	-13.0844025431213	964.352322143906	0.988895350950529
DQ595116	-13.0844025431213	996.497399548703	0.989058921885791
DQ578267	-13.0844025431213	964.352322143906	0.988895350950529
U2AF1L4	-12.3506981911824	181.509163687862	0.965413834466214
BC128410	-10.4824384662667	99.5459213203339	0.910181381992658
IGFL1	-14.195175209861	83.742474257363	0.948529679037476
RPL13A	12.2824824374106	86.5386686430995	0.945858020428192
RPS11	10.9396884526267	60.7663334509762	0.910254080186107
FAM71E1	-13.2227987233156	169.444668657577	0.968612554978009
CLDND2	-14.1429111633195	62.8971651884568	0.935371306023045
SIGLEC8	-14.1285356922529	41.5576544393934	0.911853440442005
SIGLEC12	-11.1949210852023	57.9754681725063	0.914288829922576
YWHAQ	10.9615507882967	45.8811708651607	0.900294427683472
POMC	-11.5061422490119	79.7066881331581	0.932826869252299
CRIM1	12.9476629872792	69.9811485655309	0.940133037694013
PKDCC	-12.6645143652608	40.2249346137985	0.909072734542547
RTN4	12.7473433623575	92.6726375045507	0.950728799389335
COMMD1	10.2038402874562	116.994552994712	0.902620769873869
BC071802	11.1105200636946	56.4050381277921	0.911380902184581
LBX2	-12.4589679745304	119.402582910331	0.956690051252226
LOC151534	-15.1235266693385	71.3401864268378	0.94216858711061
TLX2	-13.6312841597644	80.5084063279759	0.946675875104504
DQX1	-13.994744481063	65.9269087425958	0.937443204536367
REG3G	-12.7106688448785	55.1943441276271	0.927628948420632
REG1B	-13.8521558742258	40.5270696764021	0.909963287412308
TMSB10	10.9996837120977	198.287981200847	0.9404783541129
RMND5A	13.3506314283509	105.273010537312	0.955999418414452
TEKT4	-14.0314307045265	41.1217632744955	0.911126458507506
EIF5B	11.4431819764804	57.6237747097534	0.918977863400094
DQ573754	-10.9214329671881	215.249935073057	0.939605975791502
DQ593945	-10.9214329671881	215.249935073057	0.939605975791502
DQ574014	-10.9214329671881	222.424932908825	0.940042164952201
LOC541471	12.071566138305	298.001109427977	0.969230489622333
SLC20A1	12.6292893328793	57.742755194611	0.929664497837229
ACTR3	11.001169048526	68.2930476604459	0.915670095598124
LOC254128	11.7925100047404	38.220015798229	0.902602595325506
ANKRD30BL	18.3100507312704	3708.01460056745	0.998128021518665
MGAT5	14.1475896153078	44.1106010406977	0.915688270146487
KIF5C	13.0985411298175	38.9484947465462	0.907146232416124
MMADHC	11.7785918375462	58.8914795522972	0.924684671585911
PSMD14	13.0881108263955	100.73208102545	0.95443640725528
STK39	13.5658061467596	73.1669246929947	0.942841045400022
SSB	11.7885998179825	39.0281124353466	0.903802115517429
METTL5	11.8534381645846	76.7773337622971	0.936643524408418
BC046497	13.5574958226156	97.78861469738	0.954091090836393
AK002090	11.9286254871748	55.0369293291407	0.923121660426738
NCKAP1	11.6778032252197	41.91286866838	0.907291628803024
PARD3B	10.9860223063951	556.372708074206	0.952437206935408
AK093026	12.5163308336189	52.8758125015955	0.925175384391698
XRCC5	13.2022213249975	54.2274458661959	0.927374504743557
ARPC2	14.2274801086534	171.586041096739	0.970302787975719
NHEJ1	13.030683007257	60.4783675495177	0.932717821962124
PID1	14.2724684359132	138.397323496929	0.965068518047327
NCL	11.2137831266744	367.353517375416	0.954690850932354
SPEF1	-11.9063497762994	88.527166875337	0.942005016175348
PLCB4	10.3271262099324	364.460714318913	0.925448002617135
DQ573663	-10.1217968856982	127.732981961859	0.900857838682709
GINS1	12.246045649149	36.2973067314911	0.901166806004871
SNORA71C	-11.9286601201381	97.2173521318031	0.945221911235506
SNORA71D	-11.9286601201381	97.2173521318031	0.945221911235506
SNORA39	-11.7069344643466	84.5900692803141	0.937970266438879
SDC4	11.5915484213816	66.2787418898109	0.92717458471157
ZNFX1-AS1	11.4647768077785	234.399935584637	0.955108865544691
DPM1	10.5180009620918	69.8673788098172	0.901639344262295
MIR296	-10.6666752748938	69.9007372613341	0.906982661480862
PSMA7	10.7112932849024	57.9990739228789	0.901475773327033
DQ590432	-13.835081772858	3929.73849373261	0.99654683581113
SOD1	10.7707531019539	88.7477395862374	0.917015012176947
LOC100288432	-10.7894058982432	168.81157995008	0.931536476318564
DQ598454	-10.9215962437819	669.329147862543	0.95223728690342
KRTAP10-8	-11.6488419531862	71.1471442645264	0.931191159899676
DQ570096	11.7357215212671	2505.42226738312	0.978499509287194
U84523	-11.9823429770171	116.039500030122	0.950401657518811
P2RX6P	-13.5745362860086	338.637540928792	0.980244265929992
DQ571461	-11.0127290734911	670.314863806788	0.954599978190542
CCDC116	-15.2792450521588	60.7829190123916	0.933608374831885
DQ570150	-10.8383577050006	1025.57211884214	0.951601177710734
BC015159	-13.245392294904	47.5455771816343	0.92034095452728
TIMP3	13.1699962288777	41.2164591112293	0.911126458507506
RBFOX2	10.4465347632042	74.8017139389049	0.901403075133583
APOBEC3C	11.6789915912545	181.781729646306	0.955436007415216
bK250D10.C22.8	12.719242843703	403.430745295379	0.979390062156955
RRP7B	13.2543272356393	142.702564447566	0.964850423466977
LOC100506714	11.4267392389819	40.8079919162519	0.902929737196031
SYCE3	-12.4780377048754	163.805999844787	0.965195739885864
ACR	-12.0627587151071	42.5524300046105	0.911162807604231
AX747864	-12.6229045387195	40.1659582061399	0.909000036349097
DQ583118	-12.1910274521276	536.414594502712	0.977372687288721
DQ577646	-10.856488546374	236.254682050384	0.93907891388899
BC152380	-14.7319972114169	151.082859529776	0.967794700301697
UBE2E2	11.699376687625	267.281830355433	0.961397259278107
UBE2E1	10.9172737551316	131.684540478292	0.931082112609502
DCLK3	-11.2339964587643	41.9694967715103	0.901475773327033
BC065373	-13.10026418079	39.0400336800787	0.907455199738286
UROC1	-12.4458926656692	47.3461145307699	0.919014212496819
EEFSEC	12.0378236854293	46.1518633735052	0.915797317436662
RAB7A	10.2242764639984	389.111140927178	0.921576823815928
SNORA58	-12.2827898674805	103.321103663919	0.951546654065646
AK130481	-15.0526713274057	63.2711434228865	0.935680273345207
SCARNA7	11.0822409176204	130.29882618811	0.93526225873287
PPM1L	10.6305559376811	731.907573916405	0.94231398349751
FNDC3B	12.8811035751369	97.6162127730614	0.953036967031369
NCEH1	11.035428454148	62.6061505620733	0.91343462614954
LPP	13.334933796998	51.4038069595792	0.924648322489186
LOC100133461	-12.442303635711	56.8825698395349	0.927901566646069
MRFAP1	9.92132740129442	231.019286934218	0.902057358874632
GPR125	11.7638435283681	54.6850844017423	0.921340554687216
DHX15	12.3303014293534	73.7196740745572	0.940351132274363
SNORA26	-11.0589528479221	93.4227165745918	0.926720221002508
SCFD2	10.9353281086698	90.2970078251772	0.923085311330013
FIP1L1	11.2388209417115	47.2258378206484	0.907364326996474
CSN1S1	-13.5359493499222	1264.51045259904	0.991803278688525
IL8	12.4696633612671	65.4954055957025	0.935244084184508
MRPL1	11.5379920285443	80.3500573181238	0.933662898476973
HNRNPD	12.3293338792181	164.094267076249	0.963759950565228
HNRPDL	13.2774351880234	57.2597818544942	0.929846243320854
ENOPH1	12.6505276611384	62.7718450878384	0.934208134927847
RAP1GDS1	12.2989478334342	41.2948135116808	0.910145032895933
ANXA5	12.6618244715929	148.497941302579	0.964177965177565
ANAPC10	11.6834426106525	69.328667458185	0.930446003416815
LOC100505545	-12.1655063930867	55.3126803191635	0.925593399004035
RPS3A	12.8440079738974	105.239123894112	0.955108865544691
PPID	11.9346233572869	41.9498200277906	0.909072734542547
CBR4	12.5036814162567	40.513181508793	0.909181781832721
SPATA4	-11.0219228043824	61.1051815723915	0.912162407764167
DQ596042	-11.0260285217537	632.87889950935	0.954763549125804
SMA4	9.9416006224808	234.731015256617	0.903384100905092
SERF1	-13.7609424489098	555.618243722375	0.986314565083058
SV2C	12.0203357163996	43.2212952303659	0.911708044055105
SNORA47	-11.6765083794418	81.62388630144	0.936243684344444
AP3B1	11.6668303114189	42.9870813578643	0.908563847188397
RPS23	12.0395813184873	67.1153750956521	0.933444803896623
BC107094	-13.9487883985324	110.402552487654	0.958107666024499
FER	11.0138249460642	48.1274248791981	0.90307513358293
COMMD10	11.6679859339114	104.337334840508	0.943240885463996
DTWD2	14.9077674241792	122.612039069091	0.961597179310094
TNFAIP8	12.4553137215766	68.4969549801298	0.937515902729817
SNX2	13.0503326879922	80.4830120750123	0.946185162298717
SNX24	12.6097588595337	57.942903812224	0.929719021482316
CSNK1G3	13.4799530724483	50.8007936865976	0.924175784231762
IL9	-13.114745739591	103.317810077976	0.955199738286504
CTNNA1	12.7750108848529	45.5971996388518	0.917433026789284
SIL1	10.6489636191216	93.4332358719925	0.914143433535677
TIGD6	-11.3842127723129	41.3790728121137	0.90329322816328
LOC285629	-14.8602921952666	43.772228754257	0.915252080985787
GABRA6	-12.3645401815968	40.6380587454259	0.909109083639272
NKX2-5	-14.9754755883697	56.5491478857383	0.929664497837229
CANX	13.2851205505933	189.623981573807	0.971138817200393
AK094934	11.5754868614653	48.1082728773291	0.91379811711679
TMEM14B	10.4484348479255	96.5716596967565	0.908418450801498
NOL7	11.4254778552251	75.4303692701718	0.929319181418342
RANBP9	12.4535513216931	44.0143135292201	0.914343353567664
OR2H1	-12.9523691225296	43.4863533981965	0.914397877212751
SNORA38	-12.4039284378445	386.389892427478	0.97648213441896
DOM3Z	-10.7399663596908	56.4335280789313	0.90138490058522
C4B	-16.1401203895977	299.520156120721	0.980389662316891
LOC100507547	-14.031702846646	50.4360507697816	0.923957689651412
DQ597035	-11.4324015154589	866.847424410108	0.967612954818073
DQ577977	-12.8836705790267	928.978334435639	0.987750354403693
DQ589683	-12.8836705790267	896.944598765445	0.987532259823343
DQ594410	-12.8040586709723	794.023013558332	0.986314565083058
DQ582841	-11.4906548288297	330.072512294586	0.960197739086184
DQ593990	-10.5047509384406	185.110963642494	0.923012613136564
BC015662	12.8251256936998	163.930364982187	0.966995020173749
DQ572964	9.99080619752404	777.660584771653	0.916197157500636
NUDT3	12.3839429142609	47.4988163058545	0.919014212496819
CNPY3	12.3384484884812	54.762413864337	0.926047762713097
SRF	11.6705501331936	46.8967134860066	0.913307404311003
HSP90AB1	14.0164156786437	358.188792013106	0.981825451637527
SUPT3H	12.6346135101109	86.6251587337874	0.948111664425139
CD2AP	13.1117154311162	65.8784965363256	0.93695249173058
PRIM2	13.095008496655	208.882335310866	0.972047544618516
EEF1A1	13.1645831743611	294.212991919097	0.977390861837083
CD164	11.5048536060242	43.3721211813391	0.907255279706299
RWDD1	11.3314771489447	47.8615470684089	0.909581621896696
EYA4	11.1018804921587	46.0342122216432	0.903384100905092
SNORD93	-11.437689243831	128.987913640904	0.944131438333757
HNRNPA2B1	11.4796413206458	238.258417476592	0.95598124386609
PURB	10.9160958328097	723.001933442131	0.952782523354295
SNORA9	-11.288843512503	255.868860164235	0.952037366871433
DQ575984	10.4319497890105	883.530353075109	0.93584384428047
PSPH	12.5797096818222	68.5121008941821	0.938170186470866
DQ574660	-10.4668273056944	344.658332237981	0.929955290611028
LOC100093631	11.3758771943956	40.8347206333137	0.902420849841881
LOC100133091	13.2884436554958	79.0186945909672	0.945658100396205
BAIAP2L1	13.1502466809425	48.9840855627396	0.922158409363527
POLR2J	11.7175573543858	67.4064522141503	0.929555450547054
POLR2J2	12.2441120940263	48.4312269892881	0.919704845334593
LOC645591	-12.7934252546233	72.4018923505219	0.941532477917924
C7orf45	-11.5894025100565	70.4659844273396	0.929955290611028
MTRNR2L6	14.5655109469382	537.074357902685	0.987005197920832
DQ590227	-11.0637221577406	263.027433587819	0.946185162298717
BC070228	-11.4561755143902	47.0776783831419	0.910944713023881
MIR124-1	-12.7752553548554	283.859851488349	0.975464359710661
BC043205	-18.9689463370176	1081.23143417891	0.99345716258951
C8orf71	-14.0726498359813	71.5079773600688	0.942132238013885
LOC286189	13.9271695496137	265.095251331297	0.97766348006252
CA1	-11.0856437137613	143.504041511684	0.937824870051979
SLC7A13	-11.7330037337157	97.1607369473864	0.942368507142597
LOC100131726	-13.5663714702405	35.5353718059758	0.900476173167097
DQ574852	9.64385205122836	1748.73651709103	0.900603395005634
PTP4A3	-11.9930213412515	66.5766685569266	0.932645123768674
ADCK5	-11.5241845365597	92.6518976056138	0.937479553633092
RPS6	13.0961692554344	259.618875556985	0.975518883355749
DQ585850	-12.3440560558863	596.452872633714	0.980335138671804
DQ596352	-10.0635854409595	141.550531109255	0.900639744102359
DQ586551	-10.7002280980765	738.54437170266	0.945058340300243
BC118602	-12.7002280980765	36.7659750373393	0.903111482679655
LOC554249	-13.3437713696137	37.2190402707184	0.904311002871579
FAM27E3	-13.1933734966706	36.3176658434529	0.902202755261532
FAM27A	-10.9507092086926	72.3481818891037	0.917087710370397
DQ592725	-13.031448128649	1029.19260319566	0.989113445530879
DQ582032	-12.3294632880975	590.449044820614	0.980044345898004
DQ584769	-12.3294632880975	571.402301439304	0.979771727672567
MIR23B	-13.1288438875255	453.386105316979	0.982461560830213
TAL2	-14.1455442491343	95.0944363934201	0.953564028933881
PSMB7	11.5270124623648	237.459840666812	0.956690051252226
DQ571464	-12.6918617072132	2075.72342109345	0.990567409399876
C9orf106	-13.9755076132001	65.7721817262933	0.937334157246192
LQFBS-1	11.4566125623758	44.1710765004536	0.907618770673549
PAEP	-13.7392195948668	37.1499837737197	0.904292828323216
BC101937	-12.4775298181357	162.21798699223	0.965032168950602
UBAC1	12.517341301463	86.6320287712842	0.947548253425902
TUBB4B	12.7116055949297	90.447627440329	0.949965468358111
FAM166A	12.0565726272098	101.585090417341	0.948584202682563
DQ582201	14.6892167147632	18719.2409464396	0.998855003453164
TVAS5	20.280707189176	803795.08596633	0.999945476354913
STRF6	18.4795826246694	21205.5355329738	0.9997092072262
MTND5	16.8668214432971	14827.8714795548	0.999400239904038
AF079515	14.890199969835	1949.80829033618	0.995674457489731
TMSB4X	12.058067332027	200.513477551647	0.963414634146341
SMS	11.1210018880284	48.7497105493896	0.90645559957835
APOO	12.1871851111742	81.5774172076673	0.942913743593472
EIF2S3	13.3764154666325	60.5204191521007	0.933008614735924
POLA1	12.9603314844012	63.6052349338202	0.935116862345971
VENTXP1	14.7671952438737	252.362022528791	0.97766348006252
USP9X	12.9396435718465	35.5870334777699	0.900494347715459
SLC9A7	11.3751989697321	54.2103674111559	0.915815491985024
PLP2	12.07640401966	81.6679495160185	0.941786921594998
PRICKLE3	-12.7243739937234	64.5443946892678	0.935371306023045
SNORA11	-11.094756209592	223.498231551471	0.944840245719894
RPS4X	12.6009497928989	262.366816686602	0.973465159390789
TGIF2LX	-13.2717435501707	38.6387322211981	0.906764566900513
H2BFXP	-10.9986638537617	50.9520819303139	0.905147032096252
KCNE1L	-11.5862487333845	53.1549850379264	0.918196357820508
SNORA35	-11.8942822486273	101.550415943079	0.94591254407328
ZCCHC12	-13.0740322648549	36.6915193844674	0.903002435389481
MIR92A2	-12.4728780442081	260.869043180714	0.972483733779216
MIR106A	-12.4728780442081	241.545410352513	0.97133873723238
SNORD61	-11.4697947429971	133.698348588334	0.945658100396205
SPANXA1	-12.0816216038628	38.8462279881872	0.905365126676602
MIR105-1	-11.695400094207	140.896445064674	0.951146814001672
TTTY18	-12.0970283104939	265.440115901832	0.96803096943041
TTTY19	-12.0975720706531	218.157564981161	0.965159390789139
RBMY1A3P	-10.7045467507155	137.38314639814	0.924902766166261
TTTY20	-14.0576418843732	226.619058042818	0.975337137872124
TTTY17A	-13.1135343149215	183.763762023476	0.96979390062157
DQ579249	-12.5153451888468	694.819361137481	0.983715604667224
TMEM240	-13.9944703870906	49.8045979815667	0.923267056813638
CATSPER4	-12.3004351859235	99.9829816131438	0.950746973937698
RNU11	-15.0315138844089	853.964096560162	0.991457962269638
FAM183A	-11.6075140093589	74.7066718800424	0.93217258551125
BC039493	-11.5906237383968	206.297529378048	0.955708625640653
RBM14-RBM4	12.358280403723	79.951656299545	0.943549852786158
KIAA1002	11.518165674423	468.856957464752	0.964450583403002
hADV14S1	-13.0625868238311	72.527622795976	0.94216858711061
TRAV1-2J6	-14.9633802253193	1221.85583952184	0.993675257169859
PSMB11	-13.7835410801544	58.0584315012566	0.930973065319327
PIRT	-12.7285773684796	56.0247770365027	0.928265057613318
MIR187	-11.9242370503245	122.705649287245	0.95105594125986
SNORD105	-10.2548728807925	135.199517311499	0.908000436189161
SNORD105B	-11.7061419443604	124.977495688827	0.948529679037476
SNORD23	-10.2237693898576	212.649933836461	0.914088909890589
SNAR-A12	-10.5874811277725	171.502084533057	0.924793718876086
SNAR-G1	-10.9484913225947	53.1183153302921	0.905837664934026
SNORD11B	-10.2085480580744	296.915171997987	0.918214532368871
SNORD119	-10.7218235798751	60.5217992479533	0.903420450001817
LINC00479	-12.3397776922197	57.3130534361026	0.927956090291156
DKFZp586E1322	-12.2421813227379	56.1394584156983	0.926502126422158
MIR3653	-12.2953553047502	180.203366838042	0.964759550725165
BC152379	-12.7387138765737	37.942814009394	0.905437824870052
SNORD123	-11.1898314672239	91.3389640613774	0.929918941514303
LOC644936	11.7388394536882	46.560988117285	0.913489149794628
MIR218-2	-10.7551547703123	54.0542620994737	0.900585220457272
6M1-18	-9.86583206600836	321.756973349394	0.90343862455018
ACAT2	11.1412636537441	48.7709782797839	0.906928137835775
AK310146	-12.2818390002122	39.1399086756745	0.90660099596525
TCRBV5S3A2T	-12.6064979813441	637.932789972164	0.983606557377049
TCRBV5S2	-12.6064979813441	223.276476490257	0.971011595361855
DQ673928	-12.2624574612439	301.642238336357	0.971902148231616
SNORA11D	-11.2681687522779	66.8231178637485	0.921413252880666
MIR384	-10.6658603214052	63.5102167219478	0.903547671840355
LCE3A	-11.9539163862328	50.5666214716204	0.920068336301843
MIR205	-12.7564305779152	216.502330439576	0.971302388135655
OR2AK2	-13.4186655526587	37.3912881104815	0.904583621097016
FAM25B	-11.0162554731787	351.656386073929	0.948547853585838
DQ577219	-12.7884191012287	785.46067847683	0.986223692341245
DQ597117	-10.4885345929146	797.930044342951	0.937879393697067
DQ593224	-11.0544115283574	281.437288454969	0.946766747846316
LIPK	-11.1799121799099	75.6676843803799	0.924066736941587
FRG2B	-15.4126562132122	168.702554229333	0.970248264330631
OR2D2	-11.6240958144477	45.5904379249359	0.911362727636218
OR2D3	-11.4949015464056	38.9134741312222	0.901094107811421
DQ595261	-14.526536379037	2801.28032815839	0.996601359456218
DQ580332	-14.526536379037	3124.50498140744	0.997019374068554
DQ588034	-14.526536379037	2901.32605416405	0.99676493039148
DQ599212	-14.526536379037	2707.90431721978	0.996510486714405
DQ587623	-12.9753250048437	1026.58312692105	0.988877176402166
DQ592381	-12.9753250048437	923.924814228949	0.988150194467667
DQ589460	-12.9753250048437	923.924814228949	0.988150194467667
DQ590971	-12.9753250048437	1026.58312692105	0.988877176402166
DQ597700	-12.6246533031684	701.162450948243	0.984533459343535
DQ583098	-12.7827921967286	836.361508673182	0.98655083421177
DQ598733	-12.7827921967286	898.314213019343	0.987041547017557
OR4C3	-13.3280758296251	35.7538628372586	0.900912362327796
OR8J1	-14.121151511328	57.1098885203483	0.930009814256116
OR5R1	-12.9413123661631	62.9042707459167	0.934753371378721
OR5M9	-14.121151511328	65.7406433771211	0.937334157246192
OR5M3	-14.121151511328	58.3596767562836	0.931300207189851
OR5M11	-11.3943269651591	65.4208487558826	0.923176184071826
OR6Q1	-14.3397615915544	74.8133044516323	0.943913343753408
OR9Q2	-14.3425054165719	65.905777465434	0.93753407727818
OR1S1	-12.4054468500697	52.2057098771038	0.924048562393225
DQ583960	-11.3445091471583	298.262757916406	0.955472356511941
MIR326	-11.8883556665989	137.329317866072	0.953545854385519
CCDC153	-11.1615305077964	181.60843633883	0.943876994656683
MIR125B1	-12.5695099436943	237.736129097318	0.971938497328341
OR8B12	-13.9477830231933	58.2963981392387	0.931227508996401
OR8A1	-13.9477830231933	55.443974988695	0.928628548580568
DQ584103	-10.8377966051903	209.890625720072	0.936461778924794
POU5F1P3	-15.8727105639506	190.535217606429	0.972865399294828
RNY5	-10.4454173049332	81.1882336909863	0.903674893678892
OR9K2	-21.3114911519583	8887.6548080707	0.999327541710588
OR6C1	17.9814572997292	9387.40261201635	0.999254843517139
OR6C3	9.80669995170847	9407.01142519484	0.910217731089382
OR6C75	9.80669900106462	9376.95088987318	0.910217731089382
OR6C65	9.80669900106462	9376.95088987318	0.910217731089382
OR6C4	15.9267539952305	9477.42092380605	0.999054923485151
OR10P1	16.291359485741	9356.72299175518	0.999127621678601
DM110804	-12.7307477588498	389.916473357273	0.979099269383156
LOC647264	-14.5241776369138	156.875074125397	0.968612554978009
OR4K14	-13.6666291120899	47.9733501478531	0.920995238268329
OR4K13	-13.7139158409799	50.5471179378099	0.924084911489949
OR4N5	-13.7139158409799	49.8927863140195	0.923230707716913
OR11G2	-13.7139158409799	44.5574305521157	0.916160808403911
OR11H6	-13.7139158409799	46.5766494593112	0.919068736141907
OR11H4	-13.7201117778784	47.6407048243497	0.920613572752717
DQ580323	-14.2117421343318	2252.10987120695	0.995819853876631
DQ573937	-14.2117421343318	2252.10987120695	0.995819853876631
MIR136	-11.5519253732664	125.999061510738	0.945894369524917
MIR134	-14.3939895329844	2775.90680689158	0.996455963069318
MIR369	-12.0356603941188	564.44107717719	0.975537057904111
DQ593983	-11.8747251296648	1782.56170929005	0.979626331285668
DQ576060	-9.87856642946621	1780.02599590684	0.912562247828141
DL491203	-11.1588881169442	122.924902048971	0.936425429828069
DQ596932	-12.719795646844	859.927165793284	0.98647813601832
DQ578124	-12.8983159760277	1010.64714429709	0.988422812693105
DQ584883	-12.8983159760277	906.097439714635	0.987695830758606
DQ600835	-12.556597933284	691.14482358068	0.983951873795936
DQ592701	-12.2290410663548	516.318297191385	0.977372687288721
DQ581854	-10.6362111200704	210.582397462309	0.929555450547054
DQ587527	-12.2182421496614	546.631634816234	0.977845225546145
MIR193A	-11.485583481216	112.129731428513	0.941895968885173
MIR196A1	-10.7171108856668	82.7304753078804	0.91336192795609
MIR301A	-10.1504616924085	218.017353214738	0.910944713023881
MIR122	-13.233203456739	389.921280285715	0.981007596961216
DQ587284	-11.6925863026338	539.842091553501	0.968957871396896
DQ575167	-11.6781628493471	517.229269950449	0.968430809494384
DQ582989	-11.6781628493471	534.470245615464	0.968848824106721
DQ580366	-10.0285481570031	176.108301676608	0.903020609937843
LEUTX	-10.6699386151115	71.1519690464924	0.907764167060449
SNAR-A3	-11.5052977458309	326.788763242927	0.960452182763258
MIR150	-12.8831447694715	309.546590905618	0.977063719966559
SNAR-B2	-13.4881977834985	329.59670864522	0.97971720402748
MIR217	-13.3909470495836	336.119263519715	0.979753553124205
MIR216A	-13.3909470495836	336.119263519715	0.979753553124205
DQ584199	-11.1988738464745	288.870978121652	0.951801097742721
EPC2	13.3324894993374	87.536124076135	0.949838246519574
MIR149	-13.1276605963184	346.123324568001	0.979190142124968
C20orf94	11.7322469964091	47.9627809696246	0.915015811857075
GSC2	-11.5954162096905	39.0351635646025	0.902384500745157
DQ588809	-11.7009799253315	381.895026049766	0.965722801788376
DQ593994	-13.7572170898199	1643.44594808576	0.99352986078296
DQ596940	-10.2422424622963	558.927005411594	0.925393478972047
MIR33A	-12.2023122760164	235.055568262232	0.967867398495147
DQ586951	-11.8273466182658	463.182988670291	0.970230089782269
IQCF5	-12.1582507529701	92.6331741222612	0.946803096943041
LOC728405	-15.2998124482349	87.1617057422174	0.950328959325361
ANP32C	11.4229262989993	77.2438646127766	0.929918941514303
SMN1	11.7528211597669	78.9540849615023	0.936280033441169
RNU5E-1	11.3950015484467	534.126137624901	0.963105666824179
DQ596041	-11.3378731893019	318.100139843324	0.956162989349715
DQ574682	-11.0127290734911	647.971035013228	0.954381883610192
LOC202181	13.001167608323	56.9306411962062	0.929391879611792
OR10C1	-10.4408657516116	146.53005257336	0.91710588491876
MAS1L	-15.2143648593744	115.095432063262	0.959379884409872
C6orf147	11.7048874602435	45.8556416529114	0.912544073279779
PHF10	12.1874843845016	54.685571682501	0.925248082585148
RP	-15.1306414781312	100.39440476794	0.955454181963578
POLR2J3	10.6637086285211	66.4098392370638	0.904583621097016
TCRBV5S6A3N2T	-10.6326300912662	75.345119020876	0.907636945221911
TCRBV13S1	-10.6326300912662	225.555451845934	0.930137036094653
DQ581988	11.6328724973587	2332.97926630641	0.975955072516448
DQ601751	-12.4642325204288	648.275386388894	0.982534259023663
DQ579694	-12.4642325204288	694.580771130958	0.9830976700229
OR1J4	-13.3108455931609	37.1295714033641	0.904129257387954
BC018860	15.8393272544266	21928.0866996137	0.999382065355676
OK/SW-cl.16	18.079382317296	4406.63366909404	0.998582385227727
BCYRN1	14.700768489395	2641.76286983319	0.996655883101305
DQ600137	-11.2937153462302	278.651987700362	0.953109665224819
5S_rRNA	-10.4898464428883	42416.2290605923	0.94216858711061
MIR4632	-11.7911830613043	156.362430452781	0.955072516447966
MIR3675	-11.5475077560591	141.100328083937	0.948529679037476
MIR3659	-11.9043364471362	133.248899278196	0.952891570644469
SNORA2	-10.7580516639284	118.918695712279	0.923230707716913
TRNA_Cys	-10.3519850429201	486.849694893423	0.92886481770928
Mir_448	-13.2486616196316	299.110523068719	0.97780887644942
U3	-12.3481621817657	649.672163933347	0.981443786121915
BC047032	-15.7123674126472	707.752957910011	0.990258442077714
MIR190B	-13.0239946013418	362.897179099222	0.979480934898768
TRNA_Asp	-10.0860366447973	765.758602795243	0.920431827269092
MIR4654	-10.6996980915156	75.2844113854563	0.91012685834757
MIR3119-2	-10.634545939262	64.3390884149342	0.902275453454982
MIR3119-1	-10.634545939262	64.3390884149342	0.902275453454982
DQ593451	-10.1717684288029	141.6845481325	0.905710443095489
DQ592690	-11.9527707420951	454.738251027802	0.972047544618516
DQ587855	-12.5797137213198	702.309836706796	0.984260841118098
JA611272	-10.6812662614762	68.059486140511	0.906255679546363
U6atac	-13.9550047204852	4877.19111451932	0.997164770455454
MIR1915	-10.900800866258	82.224383825066	0.918850641561557
JA682651	-11.2251127065069	392.23348228791	0.955744974737378
MIR3156-1	-10.624514289876	72.4120480368749	0.906273854094726
MIR4294	-12.8047992001546	324.044119181705	0.977136418160009
JA429001	-12.8009071744348	1169.57118861561	0.988804478208717
JA611246	-10.5758875402711	228.295163842287	0.928628548580568
DQ597779	-10.5758875402711	175.026292279087	0.924811893424448
DQ592472	-11.2284282586556	294.8522351535	0.952637126967395
DQ582272	-11.2284282586556	266.318147880581	0.951219512195122
DQ597620	-12.1833599879024	533.570676064928	0.977100069063284
DQ579258	-12.1994993345994	539.574503878028	0.977499909127258
DQ596518	-12.1408845948171	501.374632379884	0.975955072516448
DQ577458	-10.139516585257	125.141551596307	0.901130456908146
DQ596791	-11.4232947007972	325.87270097129	0.958325760604849
DQ579048	-11.4232947007972	325.87270097129	0.958325760604849
DQ599234	-11.4228124004049	325.763738579038	0.958325760604849
DQ571693	-11.4213645310597	304.440925505359	0.957580604121988
DQ577365	-11.4213645310597	325.436851402281	0.958289411508124
DQ582762	-11.6907894968966	1639.35402188854	0.975936897968085
CPEB3_ribozyme	-15.967606980236	2827.98478396504	0.997273817745629
MIR609	-12.5627400770168	219.187601788729	0.970466358910981
MIR4295	-11.1801614320531	93.930710329657	0.93055505070699
JA429539	-11.1778766790012	362.339579114526	0.953600378030606
SnoMBII_202	-12.6771598239412	262.11410314071	0.973883174003126
LOC100500938	-10.7156865492444	89.9398322521302	0.915797317436662
DQ583646	-10.5671849364806	173.972989153982	0.924412053360474
DQ594571	-10.6008322259803	184.221591043337	0.926229508196721
DQ594135	-10.6008322259803	184.221591043337	0.926229508196721
DQ594374	-10.6008322259803	184.221591043337	0.926229508196721
DQ588704	-10.521065255199	180.531228110822	0.923103485878376
DQ587050	-10.6084867954959	173.253720149504	0.925756969939297
DQ589570	-10.6084867954959	179.028844154487	0.926193159099996
DQ571892	-10.6084867954959	185.202252573607	0.926738395550871
DQ573752	-10.6084867954959	198.92093794943	0.927719821162444
DQ583615	-11.0437863283142	279.371193863416	0.946366907782342
DQ582903	-11.0437863283142	279.371193863416	0.946366907782342
DQ573895	-10.7650818954945	230.271063570047	0.935389480571408
DQ599539	-10.7650818954945	193.130569445845	0.932972265639199
DQ575274	-11.8490483304494	423.184508553894	0.969412235105958
DQ593189	-13.2111682192577	1125.54769771071	0.990131220239177
DQ575059	-13.2161868860634	1091.82133237073	0.990131220239177
DQ574428	-13.2161868860634	1091.82133237073	0.990131220239177
DQ573749	-13.3635653650699	1209.26463081997	0.991148994947476
DQ576379	-13.4942932275387	1369.6234563558	0.992075896913962
DQ571263	-13.5593674338617	1432.82164386212	0.992493911526299
DQ582888	-13.6551772890284	1707.89330145814	0.993620733524772
DQ595146	-13.6551772890284	1707.89330145814	0.993620733524772
MascRNA_menRNA	-9.89247358158261	284.407144796589	0.903129657228018
MIR4692	-10.4337589427897	75.5213159654498	0.900839664134346
MIR1260B	-10.9241617543453	75.1167148850114	0.916978663080222
DD413629	-12.4793863360924	854.506769611407	0.984896950310785
MIR4693	-12.4092959051727	249.619765804589	0.971066119006943
DM119543	-13.2392422703634	1512.83385621817	0.991567009559812
U4atac	-11.0900949690176	357.176163679616	0.950746973937698
MIR4493	-11.033714146829	98.8094861704626	0.92746537748537
DQ591569	-10.8665201055914	337.90594537849	0.94378612191487
DQ588965	-11.5620348494311	346.82003198376	0.961960670277344
DQ590472	-11.5620348494311	358.779343431476	0.962287812147868
DQ573743	-13.6425986647626	1517.92127221114	0.99302097342881
Mir_720	-12.5404604320471	183.068493955556	0.967431209334448
JA611266	-10.634545939262	71.958190990387	0.906437425029988
LOC643339	12.2512711452863	553.711155478927	0.978190541965032
MIR1251	-10.9933569296335	100.200259997127	0.927047362873033
SnoMe28S_Am2634	-10.4855994392076	76.223544586273	0.903329577260005
MIR3922	-11.4820749579312	265.481706825799	0.957398858638363
MIR4700	-10.7218038348981	214.694498818133	0.932808694703937
MIR3908	-14.1687579316544	1564.31544301681	0.994020573588746
DQ590719	-11.0095070622536	236.433864472726	0.943368107302534
DQ588544	-11.9289997952651	479.255517984434	0.971920322779979
MIR2681	-11.9514422347623	204.854211458253	0.961887972083894
MIR4705	-12.6096871882724	302.981442447156	0.975464359710661
OR11H2	-13.424822396309	375.007178526849	0.981207516993203
HTJA150	-14.4287423302496	1069.19270731248	0.992512086074661
MIR4707	-11.8651130334836	160.471639731325	0.956835447639126
MIR4308	-13.8682747644097	635.480779141891	0.988113845370942
MIR4505	-12.9023002333841	360.952105032283	0.978881174802806
DQ577854	-10.4743536104999	181.248852183775	0.921449601977391
DQ593003	-10.4743536104999	174.775678891497	0.921086111010141
DQ597272	-10.4743536104999	188.219961883151	0.92217658391189
DQ575342	-10.4471016262376	165.589021968199	0.919704845334593
DQ578127	-10.4799282484838	169.402705697028	0.921049761913416
DQ578350	-10.2015637589097	135.000773525086	0.906110283159464
DQ591177	-10.2015637589097	130.645909862986	0.905237904838065
DQ584348	-10.1265434598537	128.154303211902	0.901330376940133
DQ572059	-10.1265434598537	132.57341711576	0.901984660681182
Mir_320	-12.0513635292936	160.519565150362	0.959870597215659
DQ592463	-10.1206077980479	141.80850183261	0.90307513358293
KIAA0855	9.9050440549684	703.827546828951	0.91167169495838
MIR626	-10.4247938566605	201.206273509409	0.921067936461779
MIR4713	-11.6914012463046	151.746839419805	0.952709825160845
DQ588654	-11.6914012463046	367.129450209207	0.965050343498964
DQ578013	-11.4179805077221	348.724049075516	0.959034567990985
DJ439519	10.9962607085954	1929.03550015584	0.959252662571335
DJ439566	10.2060414720121	1115.07828886445	0.927992439387881
DJ439574	10.1886804477563	1101.72883441618	0.927210933808295
MIR548H4	11.7217721878823	747.745952489826	0.972574606521028
DQ577480	-10.2260965846434	147.126471857483	0.908909163607284
DQ573982	-10.2260965846434	147.126471857483	0.908909163607284
DQ601402	-10.2260965846434	142.053145241708	0.908254879866235
DQ596112	-12.7955151522285	843.770951346336	0.986750754243757
DQ574554	-12.7955151522285	873.905628180134	0.986914325179019
DQ576888	-12.333317823708	612.443792594764	0.980589582348879
DQ595661	-12.2068016053131	542.313092003302	0.977681654610883
DQ598070	-11.4641807343041	324.068684481486	0.959179964377885
DQ592190	-11.9327309528372	463.928051954918	0.971665879102904
DQ578010	-11.9327309528372	448.463783556421	0.97133873723238
DQ595173	-10.8629028185674	206.687599991555	0.937079713569118
MIR4718	-11.3561754310539	176.873738296558	0.948456980844026
MIR484	-10.8910706364271	82.705214870264	0.918614372432845
MIR4518	-12.0315713493541	173.592845036603	0.960779324633783
JA536067	-11.4147250450371	354.716209241923	0.959034567990985
SNORA70D	-12.0813160309377	110.472530652508	0.950892370324597
MIR1910	-10.2753412335835	300.532453672167	0.921104285558504
DQ588877	-12.0397724827598	536.680140066527	0.975173566936862
MtDNA_ssA	-10.5330878247369	141.501644130571	0.919486750754244
DQ587033	-13.1421433612303	3455.17943071734	0.994129620878921
DL476313	-10.6461620441423	262.526726024944	0.933044963832649
DL476366	-10.6461620441423	262.526726024944	0.933044963832649
DL476358	-11.9849590562418	664.286632315105	0.976173167096798
MIR4314	-11.4068053532794	101.552950102246	0.937988440987241
MIR4521	-11.9934286995586	233.869615372924	0.964668677983352
MIR3676	-13.1563754529164	369.697860283694	0.980171567736542
MIR744	-13.9118024118707	541.334060089549	0.986369088728145
DQ574806	-11.8737550003492	1844.9832345101	0.97986260041438
DQ571055	-11.3607149413256	323.178565625082	0.956744574897314
DQ578661	-10.2414939356288	130.118123226998	0.9065282977718
MIR4522	-13.7068020329208	529.00114296636	0.985769328632183
DQ586005	-16.1560045463674	8667.37967745168	0.999109447130239
MIR451A	-12.9512803021114	378.604966214551	0.979735378575842
MIR451B	-12.2452257752222	245.715002401	0.969048744138708
MIR4732	-14.3533022860613	947.959909786836	0.991785104140162
MIR4523	-12.9454158701079	393.463199120458	0.980153393188179
AF086346	-10.342837660443	192.963836973175	0.917796517756534
MIR4724	-11.6651350169941	125.568751090897	0.947948093489877
MIR4725	-11.6651350169941	124.173542745443	0.947620951619352
DD413671	-10.8735551466155	802.301015634912	0.951637526807459
MIR4727	-10.7327603659579	106.44239016469	0.92026825633383
JA429848	-11.9831935011122	1434.78716644515	0.980807676929228
MIR4315-1	-11.9248518652064	415.260185605043	0.970084693395369
DQ593902	-12.0103696851096	1148.77501582512	0.980644105993966
DQ573673	-10.2630923187265	308.887365128068	0.920686270946167
MIR1203	-13.3444662239714	421.185795399135	0.982297989894951
DD181999	-11.2322867969133	359.912258692401	0.954745374577442
LOC100506650	-11.3267874534822	41.4471256619613	0.902420849841881
MIR4736	-13.9698235784535	1175.06203081635	0.992584784268111
MIR454	-11.7078278416086	480.129100587936	0.968485333139471
MIR4737	-12.7790286974767	298.657846469333	0.97611864345171
TRNA_Und	-13.5424842956283	547.578153834374	0.985496710406746
MIR3065	-9.89563797990317	344.659055236763	0.905674093998764
DQ572814	-10.9363778245058	224.742199784057	0.940969066918687
DQ583379	-10.9363778245058	224.742199784057	0.940969066918687
MIR302F	-11.4571323623558	189.699252819899	0.952073715968158
MIR1539	-11.3010820136983	173.649006999313	0.946366907782342
MIR4746	-11.3777364407953	128.963897975536	0.942950092690197
hsa-miR-3074-5p	-14.1297470438941	2938.21760754241	0.996455963069318
FW420894	-14.1297470438941	2938.21760754241	0.996455963069318
MIR639	-14.1297470438941	629.618058759089	0.988368289048017
MIR1470	-14.1307809809249	1012.24276212533	0.991985024172149
DQ571988	-14.1307809809249	2374.87724960173	0.995874377521719
MIR3188	-10.7013900348831	209.535151349354	0.931809094544001
MIR3189	-10.7013900348831	243.979285817741	0.934044563992585
DQ580047	-11.3762425958981	304.898567604569	0.956762749445676
DQ573935	-11.503027621826	332.91643073237	0.960506706408346
MIR1270-1	-12.3615257469085	218.212288263954	0.968612554978009
DQ589171	-10.1122566291669	131.265868408733	0.900912362327796
DQ589981	-10.5074828349735	178.838419516903	0.922739994911126
MIR641	-13.359286899068	365.35860611958	0.980607756897241
DQ590318	-10.3098617134737	167.923620895545	0.914488749954564
MIR642A	-13.120986438791	316.111133656318	0.978045145578132
MIR642B	-13.120986438791	398.217921618998	0.980825851477591
MIR769	-10.6665585108879	267.270350271378	0.934280833121297
MIR320E	-12.8147753036232	738.408805634499	0.985878375922358
MIR3190	-13.5119731450357	502.610827343651	0.984606157536985
MIR3191	-11.5803148016261	138.648909911527	0.948656900876013
MIR4749	-10.522973616545	297.845797071139	0.930155210643016
DQ581862	-10.916645134775	214.536407149598	0.939569626694777
MIR4757	-12.5021651909575	259.305022457385	0.972720002907928
MIR4263	-11.9272554113415	365.837977098473	0.968939696848533
LOC100288911	-11.6738738118414	41.9444567466262	0.907218930609574
MIR548AD	-12.380029210516	223.72503926441	0.969066918687071
MIR559	-13.1633457985241	467.674162527074	0.9828068772491
MIR216B	-10.6287026241147	66.423209141978	0.903529497291992
IGKV3-11	-12.7016204154015	71.4246785479427	0.9407691468867
MIR4435-1	-12.6661991699176	302.313213024784	0.975736977936098
MIR4436A	-11.3358252000695	104.637226801315	0.937007015375668
CR749695	10.6958135301025	63.7625048885912	0.904492748355203
MIR4265	-12.3466010402734	181.062477502672	0.965359310821126
MIR4266	-12.715667074413	420.939552355219	0.97986260041438
MIR4773-1	-10.6428526898248	70.5182257566996	0.906146632256188
MIR4773-2	-14.8195608765496	1276.06416409836	0.993784304460034
SnoZ5	-13.8052822794304	579.701719826745	0.986859801533932
MIR3606	-12.6489820046908	350.884847242976	0.977445385482171
MIR3129	-12.6559756278387	292.278714408792	0.975464359710661
MIR4776-1	-12.9423905685325	338.651029631949	0.978335938351932
MIR4776-2	-12.9827063986766	348.249254359471	0.978826651157719
MIR499A	-11.4952497262481	81.4243808409077	0.933317582058086
MIR499B	-11.4952497262481	136.07910222727	0.946930318781578
MIR4533	-12.0191815684333	201.196755949306	0.962905746792192
MIR1257	-14.7000084338867	1113.3746263772	0.99309367162226
MIR4327	-11.9509088761899	160.28880721129	0.958125840572862
MIR4760	-12.2295926840192	206.606316610937	0.9661953400458
MIR3197	-10.319533513361	136.409004840867	0.911199156700956
DQ601415	-10.9939006050408	321.824551483336	0.946912144233216
DQ587809	-11.1402331647975	267.795745900829	0.948911344553088
MIR548AC	13.2531367278877	2376.33324587025	0.993584384428047
MIR711	-12.4996518953994	262.259575343292	0.972829050198103
MIR3938	-13.4849671219604	383.13716092153	0.98162553160554
MIR4795	-13.8309556791433	563.588997869234	0.986641706953582
MIR548G	14.5251979850788	7349.08896279389	0.998327941550653
DD413694	-11.9579166716964	622.313941356423	0.975228090581949
MIR1224	-11.0184727864636	83.9677019463081	0.922812693104576
DQ577349	-10.4808552641755	163.861279152971	0.920649921849442
MIR943	-14.6611814546904	948.769165909711	0.992021373268874
USP17	-11.896244228474	430.001368221774	0.970266438878994
MIR548I2	-18.348450971095	7710.74489550047	0.999273018065501
AB059369	-13.1126013259304	280.676558261487	0.97648213441896
DQ589421	-20.6814677993249	580600.667318031	0.999945476354913
DQ583133	-18.7753448060643	171506.382660016	0.9998546036131
DQ581767	-20.2714441185748	451531.920903275	0.999945476354913
DQ584082	-15.2502086743639	13903.8531995287	0.999018574388426
MIR4451	-10.5047509384406	75.7272123992022	0.90351132274363
MIR4454	-11.2388775189867	151.198197498709	0.943022790883646
MIR4636	-11.0809428507751	93.1655700370972	0.927338155646832
MIR4637	-11.2273239210217	98.2088424469925	0.932917741994111
MTRNR2L2	15.0065899493291	9214.65109424185	0.998727781614627
SnoZ6	-10.529153748886	74.7546113453069	0.904038384646142
MIR3936	-11.2016880065327	73.6744266752986	0.924084911489949
VTRNA2-1	-11.5585265390323	103.793216845103	0.941350732434299
SNORA36	-11.3627279255911	116.174865064148	0.939660499436589
MIR143	-12.3763251563492	415.872811049865	0.976954672676384
JA483376	-12.8685676659234	1524.94989929248	0.990185743884265
CBY3	-14.0732717955463	227.752972673742	0.975446185162299
DQ589679	-10.4891717092134	170.492329619551	0.921467776525753
MIR4645	-12.4288826681261	246.460196035646	0.97112064265203
MIR548A1	-11.0107912963599	73.1890283807464	0.918559848787758
DQ573101	-14.7321432022551	3122.69508788624	0.997219294100542
MIR4640	-11.8942427594905	452.547895154012	0.970775326233143
PMSP	-13.4065203350707	200.937782138891	0.972156591908691
HCG23	-11.031742350733	56.7319467075339	0.909418050961434
JA611279	-11.2986192305794	265.360267161836	0.952546254225582
DQ586570	-13.4980755353328	1327.44524145679	0.991966849623787
DQ597719	-13.1716700309838	1095.14719027233	0.989949474755552
DQ586674	-13.1716700309838	1095.14719027233	0.989949474755552
DQ594165	-13.1130859610368	1016.5101589257	0.989258841917778
DQ578525	-12.4907056733387	707.446116444744	0.983588382828687
DQ571282	-12.0082927182117	472.584425121332	0.973646904874414
DQ570892	-12.0082927182117	457.33976624645	0.973374286648977
DQ586217	-12.0082927182117	472.584425121332	0.973646904874414
DQ579683	-12.0082927182117	472.584425121332	0.973646904874414
MIR1275	-10.7155365603906	72.3101681600124	0.909727018283596
MIR4462	-11.0171953749862	122.947152529061	0.932263458253062
MIR586	-12.5568177464346	213.788707389646	0.970139217040457
DM119538	-11.081554089971	338.927523288322	0.949910944713024
DM119539	-11.081554089971	338.927523288322	0.949910944713024
MIR4282	-11.081554089971	111.289634512583	0.931736396350551
MIR4643	-11.0374994601717	92.7186147012265	0.925993239068009
DQ591448	-13.4332258595046	1312.85404999236	0.991712405946712
CRISPR_DR35	-14.8730146598527	2869.17047352564	0.997037548616917
MIR3145	-14.8730146598527	1259.6358176454	0.993766129911672
DQ581726	-11.5492764265133	368.320128129594	0.96259677947003
DQ586009	-11.5492764265133	381.961614356616	0.962996619534005
MIR3918	-11.5492764265133	110.892081587405	0.942822870851659
MIR4644	-10.7217307211543	156.690541189924	0.928192359419868
X07060	-12.4784583757443	87.2934047269382	0.94760277707099
MIR589	-12.020138415279	144.388377783097	0.957035367671113
DQ579268	-11.9839785823637	480.708260361768	0.97302897023009
DQ594582	-11.9839785823637	464.684651683042	0.972720002907928
MIR3146	-11.6262836523353	137.703637541901	0.9491476136818
MIR196B	-11.1437493920423	92.6790010401898	0.928919341354367
MIR550B2	-13.2822836846441	353.508823995108	0.980026171349642
MIR550A2	-13.4247000340537	390.189833857022	0.981661880702265
DQ584906	-12.2448608888888	1401.63176261281	0.984733379375523
Y00482	-11.2293104908157	90.880398416982	0.930845843480789
DQ573852	-12.2132306397823	527.163570184881	0.977390861837083
MIR4283-1	-12.8527980060442	870.270647997353	0.987168768856094
DQ580039	-10.6412616521245	289.032680373605	0.933971865799135
MIR3914-1	-11.3812160752631	92.7126880999014	0.934735196830359
MIR3914-2	-11.3812160752631	96.6163802304236	0.936116462505907
MIR4284	-10.8976128056055	320.300621116172	0.943967867398495
MIR548M	-13.4228923384538	439.546688877923	0.9830976700229
Evf1_1	-12.3605187668177	100.54989049115	0.951437606775472
Evf1_2	-12.3519309387716	86.9156684523972	0.946439605975791
Mir_875	-13.8041717151391	1969.46909091078	0.994620333684708
MIR3666	-13.8049121863135	443.80186079074	0.984279015666461
JA429116	-11.2185362025207	588.182635329995	0.959343535313147
LOC100129148	11.7980256443594	152.554316341601	0.954890770964341
TCRBV19S1P	15.2972610936434	5747.4700412975	0.99852786158264
MIR597	-12.1228848982667	158.245970431775	0.960579404601796
DQ595103	-9.8962932154675	391.876401978199	0.907019010577587
MIR3148	-11.5328328941689	132.41619403561	0.946512304169241
MIR486	-11.8757243085549	190.184242055375	0.959688851732034
JA429246	-11.8767811560308	616.286104185307	0.973646904874414
MIR4469	-11.8767811560308	163.822888454322	0.957253462251463
MIR4470	-15.1858331748393	1781.9558298965	0.995201919232307
MIR4661	-14.0146808992698	759.629138980571	0.989731380175203
MIR378D2	-13.2840107825207	350.320762749026	0.979917124059467
MIR599	-11.3702517000095	95.8846117435083	0.93562574970012
MIR875	-11.368249193568	119.689453659632	0.940787321435062
MIR4540	-11.6805486629982	205.376280060943	0.957344334993275
DQ578098	-12.9746670495768	923.503492978907	0.988059321725855
MIR548Q	11.1983170308246	466.028339199196	0.957017193122751
MIR3134	13.2956749583982	2695.81400019902	0.994202319072371
MIR181A2HG	11.6748397517058	105.105829415361	0.943404456399259
MIR3689F	-10.8298149861065	94.8781783102074	0.920886190978154
JA040725	20.5217590728683	38245.6092843047	0.999890952709825
JA040723	20.0052252910325	26667.2707017477	0.999836429064738
AD	1	15.5172349272782	7157.61627213468	0.998927701646614
cytochrome	b	16.7555834077005	3885.5158889383	0.99809167242194
MIR532	-11.0305521144926	79.0911312479911	0.921286031042129
Mir_500	-12.1879085878699	182.473623090374	0.963669077823416
MIR500A	-12.1040562627308	180.366486205205	0.962124241212606
MIR362	-11.4131323776047	144.368465096704	0.946148813201992
MIR501	-11.5938901547723	180.048255575869	0.953527679837156
MIR500B	-12.1589521071948	199.22187322843	0.964686852531715
MIR660	-12.1589521071948	162.252865825216	0.961506306568282
MIR502	-12.1589521071948	183.006139361	0.963341935952892
JA611242	-13.6040847152913	2143.00150766911	0.994329540910908
MIR4328	-13.2717435501707	607.870055122777	0.985896550470721
Mir_361	-13.2717435501707	472.787820651049	0.983388462796699
DQ580189	-13.2717435501707	1215.74011024555	0.990858202173676
MIR514B	-11.1361200387686	96.7994658187104	0.93026425793319
MIR509-1	-11.1361200387686	103.252763539958	0.931754570898913
MIR510	-11.1361200387686	104.648071155363	0.931972665479263
MIR514A1	-11.1361200387686	79.0199720969065	0.924321180618662
MIR452	-12.8391436266447	468.263618550825	0.981716404347352
