Name	MvalueInSignal	DvalueInSignal	ProbDiffExprn
ISG15	-10.8135876946069	8351.44234909554	0.9737325485902
CD53	9.63301661256689	3829.23794385545	0.932015238616662
CD53.1	9.63278900589639	3840.84955293672	0.932165799799252
S100A12	12.2485035784384	6533.78174804113	0.975516470480883
PLXNA2	-10.5472673181856	2116.68860363228	0.904990875079843
FZD8	-10.342787442488	8196.22796130254	0.968330595857286
LOC100288077	-8.89223107067979	3322.6206007287	0.910005931198102
MMP1	-11.2993725004916	4170.74103121807	0.954221644310612
OR6C2	19.2722802270963	422027.719450037	0.999801989232594
IFNG	13.566726562842	7787.27417110497	0.982230586732366
IL26	9.98826023211697	9217.02991393947	0.965798430513733
IL22	12.2558198184325	8417.31419981554	0.982038050917054
LYZ	10.1925061748208	2296.43808643336	0.907959211606898
ADPGK.5	10.9199147741224	3049.14628558693	0.934195638288165
ZNF319	7.42472167856658	14996.7638040376	0.900839948900447
CCL3L3	-12.06404138529	2349.56449495572	0.920975453964778
CCL3L1	-12.06404138529	2805.4501432307	0.934173738479788
CCL3L3.1	-12.1734368085281	2534.69718598132	0.92706861939958
CCL3L1.1	-12.1734368085281	3026.50410266427	0.939480335797062
SLC25A23	-10.2878362331017	10441.0390680318	0.971970526507893
SLC25A23.2	-10.2878362331017	10205.0833828785	0.971640204398212
GMFG.1	8.39969177191897	4944.09876353527	0.914354411898896
RSAD2	-11.263267418073	3220.69766310598	0.939785564376312
AK128525	12.2301734300102	3880.10953370885	0.954271375125468
Ig	kappa	11.7034559068931	10917.4181954466	0.984563828816498
MIR16-2	11.2748845976799	19137.7536568254	0.987637558171366
SCARNA7	10.397219986089	5756.83299667268	0.959644128113879
DQ575984	10.125991515494	39056.6976116584	0.978441919883201
DQ574659.1	9.76767316383026	37826.6212367667	0.972513003011224
DQ584609	8.58983442675532	43167.7464145902	0.944857651245552
DQ599872.4	10.125991515494	40358.5875320471	0.978519025458527
SNORD54	9.52831602072882	7325.75974684913	0.953032667214162
DQ587539.7	9.99968298406831	21336.9174209504	0.974474860844968
DQ590589.9	9.99968298406831	22860.9829510183	0.974803814216626
DQ588135	9.22367382093534	12451.653861725	0.955166986038872
DQ587539.9	9.22149522147185	12432.8334534529	0.955151473674605
DQ587119	8.42464499100876	14332.3492948933	0.934982206405694
VENTXP1	14.119361789481	11498.0851939376	0.989734464823433
IRF9.1	-10.1560253930152	2119.11005875602	0.901454968519026
DQ577714	-8.75588743257174	8665.23164875911	0.938639018158591
SLC25A23.4	-10.2878362331017	6665.31276298708	0.962672232867962
CEACAM1.8	-9.82186833470778	8619.95753979646	0.961830002737476
CEACAM1.10	-10.0757456305551	6649.79223014893	0.959791495574414
TNIP1.11	-8.41787978779855	6172.11824516362	0.921700428871247
CD53.2	9.63278900589639	6160.29810588725	0.950487270736381
MMP1.1	-11.2993725004916	4560.85763844708	0.958308239802902
OR10A7	19.272369572006	416728.255419712	0.999794233050461
OR6C74	19.272369572006	422053.856127951	0.999801989232594
OR6C6	19.272369572006	419374.149104917	0.999799251756547
OR6C1	19.272369572006	422053.856127951	0.999801989232594
OR6C3	19.2723693427289	423406.525557237	0.999801989232594
OR6C75	19.2723685443191	422053.555482452	0.999801989232594
OR6C65	19.2723685443191	422053.555482452	0.999801989232594
OR6C76	19.2722798278668	422027.602664333	0.999801989232594
OR6C70	19.2722791196279	422027.39548487	0.999801989232594
OR6C68	19.2722791196279	422027.39548487	0.999801989232594
OR6C4	19.2722780918765	426111.228015235	0.99980290172461
OR10P1	19.2722780918765	420683.059505487	0.999800620494571
IL22.1	12.2558198184325	13992.2599814325	0.98969477142075
ARHGAP25.5	8.54514867191528	8707.20840226221	0.932950999178757
MIR15B	11.2747825756678	15816.8202492579	0.986234601697235
DQ584971.1	8.25693625730719	38963.8900361163	0.93448489825714
DQ573253	9.22149522147185	12861.5518483996	0.95549183319646
DQ593719	9.22149522147185	14345.5770616765	0.956527055388265
DQ582260.4	9.21977634541112	13797.7828132489	0.956167989780089
DQ579969.2	9.21977634541112	14328.4667676046	0.956516105484077
DQ570938.2	9.22195754011683	14350.1826233031	0.956529336618305
DQ593430	9.21977634541112	12017.4237405716	0.95476047084588
DQ581988	11.3633096134446	105776.027469871	0.992273017611096
DQ582260.5	12.156406763867	105793.013380141	0.996157952367917
DQ584320	12.156406763867	105793.013380141	0.996157952367917
DQ593554	12.156406763867	98496.9434918558	0.996110959029109
LOC388312	-9.98019320185302	28225.5832420839	0.975329409617666
U6.4	11.1510856279128	13548.8915227756	0.983834747695958
G0S2.1	-8.14153040856186	13760.4534563973	0.925874623597044
Mir_544.7	10.7817621521859	11840.687732555	0.979157769869514
Mir_544.8	10.7003859626159	10809.5943060403	0.977165799799252
U6.31	10.6545728272477	9982.23871464628	0.975450314809745
SNORA70G	9.94125193424673	60108.6156879786	0.97627383885391
LOC100507250	10.4499370519549	4914.0063158338	0.954383611643398
MIR4500	8.78205033531777	3616.86352037488	0.911643854366274
IGH.9	10.5353349627507	2247.40773199541	0.909632265717675
JA682656	10.5386978607415	42288.497640137	0.983973902728351
Y_RNA.34	9.43200046173502	4543.96609191137	0.936114608997171
DQ574721	-9.67756840725549	22145.1083313842	0.969056483255772
AF086346	-8.88513930995885	3519.75022938622	0.912939593028561
MIR133A1	11.8947458027083	27073.9335515749	0.992815494114426
MIR1-2	10.0123382548262	28009.7005579032	0.975757824619035
TRNA.42	11.4034006017366	18221.9623976777	0.988213796879277
TRNA_Tyr.6	11.4034006017366	18221.9623976777	0.988213796879277
TRNA_Sup.2	11.2898819533773	22061.4522397574	0.988601605985948
DM119508.1	11.2748845976799	70461.729372857	0.99134592572315
U7.22	11.2747825756678	22464.4693395257	0.988531344100739
Mir_562.8	11.2799358182617	15102.8857099855	0.985846792590565
MIR4278	9.43719111824486	6278.76749246867	0.947403960215348
GAPT.1	10.8957874823351	2514.34771138214	0.920873711105028
MIR4634	10.9802268196415	29759.1238490962	0.987425860023725
LOC388312.2	-10.5352915199633	32101.5809007545	0.983260790218086
PMSP	-9.87741919789608	2227.93366496466	0.902017976092709
SNORD112.13	10.4373794527961	12214.2119792109	0.975832648964322
DQ593490.3	10.9190886659164	40373.8748512909	0.987743863491194
JH8	9.01412879694266	13633.435908977	0.95087964230313
DQ590442	9.99968298406831	21336.9174209504	0.974474860844968
DQ596206.4	9.99968298406831	24619.5201010966	0.975143717492472
DQ590943	9.22149522147185	13320.8929858424	0.955835386440369
DQ586768.6	9.21977634541112	14328.4667676046	0.956516105484077
DQ581981	9.21977634541112	14328.4667676046	0.956516105484077
DQ593719.3	12.156406763867	109861.975433224	0.996179852176293
DQ587539.25	12.156406763867	95213.7120421273	0.996092252942787
DQ596206.5	12.156406763867	109861.975433224	0.996179852176293
JA660597.1	-7.66485933078786	581607.539696143	0.915395109042796
