Name	MvalueInSignal	DvalueInSignal	ProbDiffExprn
ISG15	-14.0363304889484	111896.721139706	0.989749554723565
ANKRD65	-15.3260541806206	6551.58084840052	0.936007415215732
VWA1	-14.8420049240361	3691.3966486394	0.901203155101596
BC018779	-13.1794597287327	4488.66043266149	0.914070735342227
FLJ42875	-16.1586885604268	7728.13144306659	0.943150012722184
CCDC27	-16.1287491485147	100386.999170437	0.991676056849987
LOC388588	-18.5008408569419	393035.318784908	0.997928101486678
C1orf211	-13.6633929804574	5923.24207379139	0.930845843480789
IFI6	-11.0200468340924	14165.4976950843	0.910472174766457
FABP3	-13.9792275581554	5189.20787816371	0.923448802297263
TMEM54	-11.3446430014432	5740.53124074355	0.900839664134346
AK025726	-17.3267705229914	141832.645171984	0.993929700846934
LSM10	-11.5903867874884	17477.2046972056	0.933990040347497
ATPAF1-AS1	-14.4039942973232	5769.26205403983	0.929355530515067
LDLRAD1	-12.5341022624662	10627.2550478259	0.945858020428192
BC042048	-11.1618449032235	9655.10815587806	0.908418450801498
MIR101-1	-13.2548621445539	30590.0327955315	0.974519283195813
BARHL2	-14.5957664736186	3884.98126484926	0.905001635709353
S1PR1	-12.4879812311628	5319.74884699851	0.920231907237105
CHI3L2	-13.05038827921	6571.33686145169	0.934353531314747
BOLA1	-13.7784644864076	3782.31988400891	0.902857039002581
ECM1	-13.2380744149804	5164.58402867869	0.922558249427502
ADAMTSL4	-11.59661324168	4661.135713902	0.900421649522009
TNFAIP8L2	-14.8620846237268	8734.99681713132	0.948275235360401
CRNN	-15.037908627641	4127.70102194178	0.909545272799971
LCE5A	-13.7202466747532	9649.3764210882	0.951982843226346
CRCT1	-13.4119991467605	12777.9738128625	0.959634328086947
LCE2A	-13.723287542847	5362.18648804977	0.925157209843335
LCE4A	-13.723287542847	8181.48041475635	0.945149213042056
EFNA1	-11.2338976972255	7113.25679238017	0.903384100905092
ETV3L	-12.7553912023349	4101.37008497326	0.907164406964487
CYCSP52	-13.1914127742782	24849.6539432795	0.971284213587292
NR1I3	-11.6371207054963	4669.88820581268	0.901294027843408
RGS4	-15.3670957244395	4280.89934671745	0.912089709570717
SNORD44	-11.767789234128	13414.5987909594	0.935207735087783
SEC16B	-12.5811869656248	68436.3631306478	0.973065319326815
DQ571986	-14.5424685033331	186704.299729764	0.993966049943659
DQ595741	-14.5428237970518	180726.084332666	0.993857002653484
DQ578106	-12.6805044466565	51356.9621331433	0.971665879102904
DQ576856	-12.1232470508365	36102.7426171756	0.958343935153211
DQ590691	-11.177357052004	18112.7947736818	0.920795318236342
DQ591798	-12.9138325291383	60373.7231069791	0.977299989095271
RGS1	-12.1548175433502	6112.64291592153	0.922394678492239
RGS13	-11.9895265520037	5436.35502125979	0.914997637308713
MYOG	-14.0321574338452	5625.19291468728	0.928192359419868
AX229788	-12.4987315954548	31669.6911456733	0.964414234306277
HIST3H3	-13.1287990604575	4370.62255437962	0.912562247828141
DQ589067	-11.0365063706875	16427.2908226456	0.91387081531024
LYZL2	-12.9346854235237	37839.582114896	0.972974446585002
FZD8	-14.0484609194074	73563.2191941444	0.986605357856857
SNORD98	-12.7781048207776	24605.4179745756	0.966104467303987
DQ574810	-11.3672234051371	20661.6056264682	0.929719021482316
LIPF	-13.6220083841691	7687.85693798213	0.942350332594235
CYP2C8	-12.0921573967923	14105.362000774	0.94400421649522
TM9SF3	13.8304128401371	3760.51423383197	0.902475373486969
MGMT	12.4473817751958	6997.50626562347	0.931263858093126
NKX6-2	-14.5615071687385	5569.71327267252	0.927756170259169
OR2AG2	-11.74787221316	10166.1578427536	0.92886481770928
MTRNR2L8	18.4074933614572	9669585.26818423	0.999745556322925
TRIM44	13.6560462684827	4717.72679479665	0.917851041401621
DQ592438	-11.3469964318315	19100.471868017	0.927719821162444
PRG2	12.3807444583317	5163.23193668092	0.918014612336883
SERPING1	-11.8854338086965	4468.75989211611	0.904311002871579
AB231721	-12.0455513960098	16895.8734819285	0.946385082330704
FTH1	11.5715689179309	6385.619776473	0.910799316636982
AHNAK	14.0116477692445	3737.07004473027	0.902021009777907
AB231703	-11.5463941536195	9714.12739948175	0.921667696557741
NUDT8	-12.1288075154347	4384.89736940049	0.907273454254662
SCARNA9	11.1065726692954	95883.8391121687	0.934171785831122
MMP12	-13.6489904769029	7247.94504528654	0.939987641307114
AL833634	-13.7952136042467	11310.0805583645	0.957217113154738
NLRX1	-12.5851127040833	4545.62033496405	0.912634946021591
PDZD3	-14.1183702508286	6288.85432692393	0.93393551670241
C1QTNF5	-14.0821157421518	4652.29045289921	0.917124059467122
MIRLET7A2	-14.2832272595104	64998.0166412225	0.98626004143797
C12orf53	-11.8284305297056	4674.84448685112	0.905183381192977
C12orf39	-16.0382332087297	11709.6904396135	0.959161789829523
HOXC13	-14.0303500344114	9654.98024972063	0.952328159645233
HOXC11	-13.1818139236184	5196.3830381257	0.922667296717677
OR6C2	14.3082235967408	678119.508472833	0.996801279488205
SUOX	-11.1116792114534	10916.3291396615	0.909381701864709
RPL41	11.5822124362156	47504.6229656955	0.945512704009305
SLC35E3	12.8500379876651	4985.98846941048	0.919504925302606
BC118985	12.240463078982	7603.26907001585	0.931445603576751
BC122534	12.240463078982	7890.50367932756	0.932699647413762
BC107595	12.7145201637299	8027.72917473939	0.939042564792265
UBE2N	12.9836175000019	6943.70696493443	0.935934717022282
CHST11	12.8711287585137	10868.0021014656	0.95098324306641
LINC00173	-11.8363556616867	9162.73983558373	0.928337755806768
SNORA49	-11.5767347273239	28693.5499798271	0.9404783541129
AK055957	-14.9171342122457	6303.94600004227	0.93422630947621
BC048997	-13.8883176146316	7581.41395351443	0.941950492530261
C1QTNF9B-AS1	-12.2546755768898	29789.0064753716	0.958998218894261
C1QTNF9B	-12.7723547244857	22133.3835893523	0.964541456144815
SNORD102	-11.9242415355132	63380.5384094157	0.958162189669587
SNORA27	-11.4405306967804	36213.737522819	0.938333757406128
GSX1	-14.2471703755948	5388.82941292012	0.925448002617135
C13orf33	-12.002052217023	12432.6738873442	0.939914943113664
DQ594776	-11.5818948189412	24804.6210950912	0.938969866598815
AK097816	-11.1208372966815	11724.4928635635	0.911162807604231
RNASE10	-12.8593953362264	5195.68288454777	0.921558649267566
IL25	-13.1286984981726	5524.84161216322	0.926156810003271
PSME1	11.4499951537965	7124.75882513776	0.910581222056632
GPX2	-14.1085146561625	5401.65603487973	0.925611573552397
KIAA0247	12.1554018662606	5338.72183973068	0.916978663080222
SNORA79	-10.5694794143007	421155.199758321	0.911344553087856
BC040628	-15.2219814481993	7563.9996613755	0.94216858711061
DQ587983	-12.7500072358657	50523.8153454141	0.97288357384319
DQ574857	-13.1123445152071	64950.8041946033	0.980498709607066
SNORD113-5	-11.8212550641701	27628.6264382655	0.947148413361928
SNORD113-6	-11.8212550641701	28748.7058884654	0.947693649812802
SNORD113-7	-11.8123087066367	27819.0668810246	0.947021191523391
SNORD114-3	-14.0777043393053	137395.379489041	0.991239867689288
SNORD114-4	-14.0777043393053	97762.0969441251	0.989222492821053
SNORD114-5	-14.0960198443767	149234.278492409	0.99183962778525
SNORD114-6	-14.0960198443767	145030.495999665	0.991639707753262
SNORD114-12	-14.522853844122	187060.525574286	0.993947875395296
SNORD114-13	-14.522853844122	189622.998527358	0.993984224492021
SNORD114-14	-14.522853844122	187060.525574286	0.993947875395296
SNORD114-21	-10.803971213097	14799.115488824	0.902148231616444
SNORD114-24	-10.8511430588639	15291.2756943825	0.904529097451928
SNORD114-25	-10.8241384709071	15007.5598111782	0.902911562647668
HSP90AA1	11.1375242021533	15803.2799175039	0.91688779033841
ANKRD9	-13.2162222264785	4795.98825807553	0.918287230562321
MGC23270	-16.1551379129325	13605.7961114338	0.963378285049617
PLD4	-15.1995781229929	19857.6317608522	0.972756352004653
TMEM121	-14.583594657265	3747.14031898716	0.902293628003344
HERC2P7	-13.7613030447474	11931.1639414214	0.958671077023736
OR4N3P	-14.6509457267167	6444.54410044081	0.935044164152521
DQ588973	-13.6124004694713	839871.173532642	0.994693031878158
DQ595055	-14.6124004694713	734916.618492732	0.997764530551416
SNORD116-4	-14.2593326902082	46969.2017761203	0.9830976700229
SNORD116-11	-12.696199151086	16569.8287606879	0.957944095089237
SNORD116-12	-12.696199151086	16569.8287606879	0.957944095089237
SNORD116-15	-12.4187285309466	13670.2721453869	0.949747373777762
SNORD116-16	-12.4187285309466	13670.2721453869	0.949747373777762
SNORD116-19	-12.4712889664051	14177.5852183506	0.951419432227109
SNORD116-20	-12.4712889664051	14177.5852183506	0.951419432227109
SNORD116-22	-12.4712889664051	14177.5852183506	0.951419432227109
SNORD115-10	-12.0452872013834	12096.2479706821	0.940078514048926
SNORD115-11	-15.2100988004277	108503.865396101	0.9917669295918
SNORD115-17	-12.580098553551	17525.7565339545	0.957635127767075
SNORD115-44	-11.698997012446	9514.3487000586	0.926084111809822
FLJ00278	-10.4405297827456	196108.389954984	0.904583621097016
AVEN	12.125707917605	4566.3491715451	0.909072734542547
GPR176	12.5551541065171	3826.49439331509	0.901639344262295
RHOV	-14.7781505403829	3821.06907559653	0.903802115517429
BC031952	-14.934972195845	18299.0063107798	0.970684453491331
CHAC1	-15.5182652437381	6981.06385202162	0.938660899276653
FRMD5	13.7265260911208	7602.70600413312	0.942023190723711
DQ575033	-10.3629518421938	129115.026159985	0.900403474973647
DQ578183	-10.3626458089775	124923.502830653	0.90034895132856
DQ596114	-10.3626458089775	121019.643367195	0.90027625313511
DQ583818	-10.6378116038047	146469.211408374	0.914416051761114
SNORD18B	-11.5546044633755	15107.8734019732	0.93019155973974
SNORD18A	-12.5763801119042	20477.3164151784	0.960597579150158
DQ572823	-12.9023273453918	61959.422236099	0.977409036385446
DQ601279	-11.7541664209783	27019.9294742795	0.945421831267493
DQ581594	-12.2378151482706	360066.32549863	0.974701028679437
SEC11A	12.8160392803754	8169.78469498705	0.941096288757224
DQ597589	-10.9900566978708	16455.0683014806	0.911980662280542
DQ594400	-10.9900566978708	15906.5660247645	0.911508124023118
DQ599954	-10.9900566978708	15393.4509917076	0.910690269346807
DQ597539	-13.8246360308463	109853.282960478	0.989022572789066
DQ593624	-13.1089165689717	69116.4183977197	0.981025771509578
DQ593864	-13.1089165689717	66886.8565139222	0.980662280542329
DQ575740	-13.2646512762569	85550.8964296777	0.984442586601723
DQ582460	-13.2502019014554	78856.9891800445	0.983624731925412
DQ593630	-14.0895744647592	141102.976135468	0.991494311366363
DQ588439	-15.6977454097906	415850.617365755	0.997728181454691
DQ597703	-15.6977454097906	402436.081321699	0.997710006906328
DQ586526	-13.8936617583141	123184.750785512	0.989913125658827
DQ593627	-11.9379744514913	31750.768580438	0.952546254225582
DQ586138	-11.9379744514913	32884.7246011679	0.952982443386282
DQ586246	-12.4384361835822	43422.760607534	0.966158990949075
DQ579816	-12.4384361835822	44920.0971802076	0.96641343462615
DQ591415	-12.7689550702123	56487.5591149891	0.974410235905638
DQ576999	-13.8936617583141	127584.206170709	0.990094871142452
DQ588406	-13.8901713074538	118790.823458745	0.989676856530115
DQ601306	-12.7815697255691	56983.7125067996	0.974701028679437
DQ588329	-12.7815697255691	55084.2554232396	0.9742830140671
DQ576947	-12.6466245229004	50164.7764116787	0.971247864490567
DQ578258	-10.6328712338616	166820.782950246	0.914179782632402
DQ576544	-14.2813251145891	150764.216783819	0.992384864236124
DQ596816	-14.2813251145891	155789.690676613	0.992530260623024
OR4F4	-14.2813251145891	5091.1663619808	0.922540074879139
C16orf59	-14.2188084005072	5176.35963989713	0.923339755007088
AMDHD2	-11.6291719691569	5374.32271757979	0.906437425029988
PRSS27	-14.0050148432524	3735.74620551348	0.902002835229544
DQ587956	-11.8736867038388	47122.1749405607	0.954163789029843
DQ598207	-11.5298655765888	22382.1259106381	0.936370906182981
DQ590011	-11.5298655765888	23128.1967743261	0.936643524408418
DQ583840	-13.4110116765847	82468.8167221639	0.985278615826397
DQ595581	-13.4110116765847	88156.3213236924	0.985805677728908
DQ573186	-13.4110116765847	82468.8167221639	0.985278615826397
MIR138-2	-13.3578512426314	29333.7636945525	0.974900948711425
AGRP	-13.8771323343278	4510.42020286105	0.914997637308713
CLEC18B	-12.2405783167247	3987.04987474798	0.902329977100069
DYNLRB2	-12.4382329239766	9337.84339677732	0.941132637853949
RILP	-14.3375562026756	4029.19789938207	0.907800516157173
ALOX15	-13.4055329863206	6097.47883219016	0.931681872705463
MIR324	-13.4601013502997	111260.905454619	0.987459561629893
SOX15	-13.489806867755	7734.21888604891	0.94238668169096
RASD1	-14.8910566915348	3931.67579805035	0.905983061320926
DQ577610	-12.2818412017587	38955.4899730804	0.962415033986405
DQ576593	-12.3129614118777	41177.6830248371	0.963414634146341
DQ571776	-14.4272326433958	184682.854825585	0.993747955363309
MTRNR2L1	11.8132180621175	88791.1675563911	0.957689651412162
DQ586142	-11.0171305764176	16766.9361477614	0.913398277052815
DQ581615	-14.4257409348062	184491.987653429	0.993729780814947
AATF	13.0161871286249	6045.42466000551	0.930246083384828
DQ580080	-11.0159109053852	16194.3349920146	0.912871215150304
ZPBP2	-12.6435191231057	4621.89236586137	0.913907164406965
LEPREL4	-11.408243216589	7047.19734533309	0.908909163607284
PPY	-12.229258790661	9862.83110552996	0.939278833920977
HEXIM1	13.9260093653252	5824.57989588417	0.929828068772491
C17orf69	-11.5581121122101	9702.38359479525	0.922049362073353
BC031827	-12.6012508486182	10429.5077397054	0.946530478717604
GH2	-14.3224803759525	4460.98528284408	0.914343353567664
CSH1	-14.3224803759525	5148.76031574509	0.923085311330013
KIF19	-12.9064134219459	8334.84481511133	0.94260477627131
BTBD17	-14.2952084440839	18225.6918233393	0.969939297008469
GPRC5C	-12.9946159186547	12801.2260246919	0.956671876703864
DQ570973	-13.0316662989273	65512.4546650163	0.979317363963506
DQ574804	-12.0678264711126	33583.8025844123	0.95612664025299
RAB31	13.2580959419245	3873.29415583512	0.904456399258478
DQ584035	-10.8478692435525	14412.9080518951	0.903711242775617
DQ576414	-14.1828708548256	140818.284736005	0.991712405946712
DQ574670	-10.514638146564	37440.3154527479	0.900330776780197
MADCAM1	-12.654954790524	6345.34439156148	0.929828068772491
ELANE	-11.2366607679866	9927.26910513962	0.911926138635455
IZUMO4	-14.3369858984303	7135.17932795187	0.939642324888227
ZNF554	-12.7624292924134	11010.7369327616	0.950092690196649
FUT3	-12.3220730160486	12884.4610387561	0.947148413361928
CTXN1	-12.9883212307901	5913.78675414051	0.929155610483079
STX10	-11.0815182505924	10458.2570464615	0.907346152448112
OR10H2	-14.9952230313593	7450.02612359043	0.941459779724474
DQ601165	-11.7036131687465	37827.7008076825	0.947584602522627
DQ589586	-11.7036131687465	39088.6241679386	0.947820871651339
DQ597063	-11.7036131687465	39088.6241679386	0.947820871651339
DQ592694	-10.7431887856575	20774.6576330469	0.905401475773327
DQ600374	-10.9362819513751	22959.8587177794	0.914579622696376
DQ592014	-10.9362819513751	22959.8587177794	0.914579622696376
SNORA68	-13.2266721702725	16916.1941278453	0.96465050343499
LRRC25	-13.5397850354679	7455.03581121013	0.940823670531787
DQ584913	-12.3694426455681	41394.6745526287	0.964595979789902
DQ595898	-12.373733750364	40178.7136548596	0.964323361564465
DQ589342	-11.2835429741245	20889.4569356927	0.926938315582858
DQ590656	-11.2835429741245	19496.8264733132	0.925811493584384
DQ584258	-11.2835429741245	19496.8264733132	0.925811493584384
DQ596454	-12.3526326191552	39595.2189747212	0.963796299661953
DQ576791	-12.3526326191552	40915.0596072119	0.964123441532478
DQ589720	-12.8930566774238	68665.8648521872	0.977899749191233
BC040412	-12.6979071061099	9528.38695219809	0.945112863945331
DQ583499	-12.839252069171	59308.5455427116	0.976173167096798
DQ571149	-12.839252069171	53748.3693980824	0.975155392388499
DQ574292	-12.839252069171	57331.5940246212	0.975864199774636
DQ600156	-12.839252069171	63701.771138468	0.976700228999309
DQ588170	-12.8267861768304	56838.2757950496	0.975646105194286
DQ593116	-12.319654537266	100183.689479461	0.971320562684017
DQ591726	-10.8019043929825	13088.1559451136	0.900076333103122
DQ585741	-12.824349694639	56742.3528059662	0.975355312420486
DQ572701	-12.824349694639	58698.9856613444	0.975773327032823
DQ574380	-12.7768971483263	53134.9478024784	0.973901348551488
DQ582882	-14.0159884480842	125435.243168719	0.990440187561339
DQ595116	-14.0159884480842	129616.41794101	0.990567409399876
DQ578267	-14.0159884480842	125435.243168719	0.990440187561339
FAM187B	-14.2047132180373	3759.08803037176	0.902511722583694
U2AF1L4	-13.118934178772	23615.3179406117	0.969884773363382
BC128410	-11.2743209099739	12945.6813425964	0.918323579659045
CNFN	-11.2015494529839	7119.92436207249	0.902202755261532
CEACAM19	-10.6635962954234	20931.3970033354	0.901148631456508
IGFL1	-15.1269595375073	10893.7296376303	0.956726400348951
RPL13A	12.0594148857576	5923.16797971669	0.919704845334593
FAM71E1	-14.1228370355369	22044.7673890661	0.973683253971139
CLDND2	-15.0746891789487	8182.01709413892	0.945676274944568
SIGLEC8	-15.0604015229792	5406.38398786241	0.925793319036022
SIGLEC12	-11.9761811509782	7543.38158622734	0.926174984551634
POMC	-12.4814045434131	10370.6799691681	0.944494929301007
CRIM1	12.3033617032668	4930.16339917541	0.915088510050525
PKDCC	-13.4572781482675	5233.13672195061	0.923612373232525
RTN4	11.9059454713666	5943.44119950123	0.91710588491876
DQ588163	-10.7823732037092	35693.6364058645	0.912943913343753
LBX2	-13.1753948022019	15534.4604880414	0.962560430373305
LOC151534	-15.9798833029217	9280.93955215065	0.951346734033659
TLX2	-14.5631763508149	10473.9325912339	0.955181563738141
DQX1	-14.7594011962092	8576.81250023178	0.947439206135728
REG3G	-13.503330398429	7180.08596784558	0.939460579404602
REG1B	-14.7838942766283	5271.87542201972	0.924303006070299
RMND5A	12.7103376433634	7710.1074743876	0.937443204536367
IGVK-A2	-12.5016685857647	4404.72106383599	0.910399476573007
TEKT4	-15.0348796126718	5349.57723854777	0.92526625713351
DQ573754	-11.8517328400815	27978.3703428747	0.948129838973502
DQ593945	-11.8517328400815	27978.3703428747	0.948129838973502
DQ574014	-11.8517328400815	28910.9826876372	0.948602377230926
LOC541471	11.3992428259206	22629.5658265093	0.931845443640726
ANKRD30BL	18.0606744201908	249218.270198856	0.996346915779143
PSMD14	12.8655705376045	6897.26049145442	0.934953291410708
STK39	13.4138429655249	5261.06649183937	0.923775944167787
METTL5	11.7709802601693	5793.11649666302	0.912907564247028
BC046497	13.3052510698791	6559.28675811948	0.935098687797608
XRCC5	13.0384001344295	3867.29194980645	0.904020210097779
ARPC2	14.045688602889	12085.445412895	0.959325360764785
PID1	13.9764290576274	9005.63629685874	0.949456581003962
SPEF1	-12.6188299426268	11517.7711366247	0.94936570826215
OTOR	-11.9838464562376	4812.13128508764	0.909599796445058
DQ573663	-11.050869334268	16591.7302325028	0.914579622696376
C20orf173	-13.4453476299164	3698.84879039548	0.901184980553233
SNORA71C	-12.8597921388361	12642.1284943276	0.954709025480717
SNORA71D	-12.8597921388361	12642.1284943276	0.954709025480717
SNORA39	-12.6379296483503	10999.2582706487	0.948347933553851
ZNFX1-AS1	10.7098301458149	16431.2803186793	0.900076333103122
MIR296	-11.5966551847386	9084.17231501524	0.921704045654466
DQ590432	-14.627760787502	511198.001308655	0.997364690487441
KRTAP19-6	-12.5467047832761	4255.22470852374	0.908854639962197
LOC100288432	-11.9091448006487	21966.6843182939	0.947348333393915
DQ598454	-11.685783984627	87064.8647728844	0.954236487223292
KRTAP10-8	-12.3801740911537	9256.12515508768	0.940133037694013
DQ570096	11.3056721346204	148555.033751574	0.943404456399259
U84523	-12.9135050797014	15090.0049557061	0.95914361528116
P2RX6P	-14.5062286352263	44049.8200851903	0.983006797281088
DQ571461	-12.0704572116024	87194.3584757925	0.964468757951365
CCDC116	-16.2111197694149	7907.4007040817	0.94429500926902
DQ570150	-11.9316165411146	133431.70093389	0.963614554178329
BC015159	-14.1770172206367	6184.48021373613	0.932899567445749
APOBEC3C	11.1511872989943	14391.9960476897	0.915597397404674
bK250D10.C22.8	12.4110929854791	27238.0747506063	0.960633928246883
RRP7B	12.6812669494844	9673.60496711345	0.945312783977318
SYCE3	-13.2949312251801	21310.2276391072	0.970266438878994
ACR	-12.9945265951896	5535.89074769704	0.925811493584384
AX747864	-13.5547327645039	5225.45242680626	0.923630547780888
DQ583118	-13.1222964190935	69760.4727529936	0.98111664425139
DQ577646	-11.7867121445684	30707.3080680488	0.947784522554615
BC152380	-15.6638347007826	19654.3452598377	0.972556431972666
UBE2E2	10.9749468727834	19903.0653553806	0.914488749954564
DCLK3	-12.1178205119818	5461.00850030274	0.917396677692559
BC065373	-13.8929757475939	5078.71479158698	0.922303805750427
ILDR1	-11.5107693045627	4940.58645905898	0.900330776780197
UROC1	-13.3022451045657	6159.85074432801	0.931972665479263
SNORA58	-13.0398436422743	12548.2668681195	0.956562829413689
BC037929	-12.8394864142729	4002.71204778606	0.905964886772564
AK130481	-15.9845323210082	8231.03843939418	0.945858020428192
SCARNA7	10.9534000301453	9520.18207798994	0.900385300425284
FNDC3B	12.2704371524095	7616.16283926941	0.932154410962888
C3orf43	-12.6239953916861	4084.07235977578	0.906328377739813
C4orf48	-11.8725308292185	4545.00607774017	0.904601795645378
LOC100133461	-13.2068381192575	7399.91574890137	0.939442404856239
ADRA2C	-13.6916915863958	3957.0713523499	0.906201155901276
DHX15	11.7034287946797	5118.06150558599	0.906728217803788
CCKAR	-12.1231729367805	4033.91170334785	0.902075533422994
SNORA26	-12.0615697706144	12148.9509083569	0.940332957726001
CSN1S1	-14.3493509194914	164515.489042445	0.992839227945186
IL8	12.480728964367	5272.91709780918	0.919468576205881
HNRNPD	11.5847200356705	11384.4576875879	0.925993239068009
HNRPDL	12.9158327209324	3991.76648193898	0.906001235869289
ENOPH1	12.265032782972	3838.90286281403	0.900258078586747
ANXA5	12.0841212131731	10280.880050363	0.936970666278943
ANAPC10	11.6271759631423	5326.94355218966	0.906182981352913
LOC100505545	-13.0973453827842	7196.24491629516	0.938206535567591
RPS3A	12.6244101297164	7220.55228121196	0.934480753153284
SPATA4	-11.8922405093023	7950.59911964232	0.925666097197485
DQ596042	-12.0837618737599	82324.8068291172	0.964268837919378
SERF1	-14.6926666865573	72275.8289096995	0.987968448984043
SNORA47	-12.6074830903572	10613.4466444591	0.946984842426666
BC107094	-14.880540861559	14361.5851593475	0.964741376176802
DTWD2	14.7338017353348	8683.02112043091	0.948075315328414
TNFAIP8	12.1699476458652	5034.21416652835	0.914670495438188
SNX2	13.006307802214	6236.7490200636	0.931536476318564
SNX24	12.5064351111321	4309.23315662818	0.909145432735996
IL9	-14.046520257606	13440.4968732575	0.962324161244593
FBXL21	-12.7255936025753	4293.31365776601	0.910090509250845
SPINK6	-11.2545341340946	6997.72188142044	0.903547671840355
TIGD6	-12.3161014903287	5384.05268821381	0.919195957980444
LOC285629	-15.7921397192153	5694.35343887988	0.928882992257642
GABRA6	-13.0959416210655	5286.94169913955	0.923394278652175
NKX2-5	-15.9073313917755	7356.54310066474	0.941023590563774
CANX	12.4102260570146	12356.6217047201	0.947584602522627
OR2H1	-13.6909054475109	5657.45133318078	0.928265057613318
SNORA38	-13.4620081105651	50265.9057458834	0.980953073316128
DOM3Z	-11.7923791370055	7343.49851048408	0.920577223655992
C4B	-17.0720313723445	38966.0900293304	0.982588782668751
LOC100507547	-14.9634666457222	6560.95440084821	0.936080113409182
AGER	-12.9562773897785	3846.63952897082	0.903565846388717
DQ597035	-12.4902730643147	112763.304333536	0.975064519646687
DQ577977	-13.8152013146475	120830.444694432	0.989658681981753
DQ589683	-13.8152013146475	116663.877636003	0.989404238304678
DQ594410	-13.7355653090904	103275.70656619	0.98831376540293
DQ582841	-12.4214946505763	42915.7390938077	0.965595579949838
DQ593990	-11.4344960208346	24053.602317346	0.933353931154811
BC015662	12.2711103993611	10000.8577357499	0.940387481371088
HSP90AB1	13.2939053816374	24391.4213838515	0.972156591908691
SUPT3H	12.0591881407379	5862.41896233013	0.919250481625532
CD2AP	12.5617102367396	4743.68108003477	0.915070335502163
PRIM2	12.4480610344069	14988.6479031893	0.952182763258333
EEF1A1	12.3678598916754	20540.2240348596	0.956871796735851
SNORD93	-12.3684873309484	16770.514047697	0.953127839773182
PURB	10.8155618925425	53872.6006747137	0.917832866853259
SNORA9	-12.0373478561495	33285.978095918	0.955563229253753
PSPH	12.1672353223067	4610.60305818665	0.91012685834757
DQ574660	-11.2586989701809	44821.7052010739	0.93393551670241
LOC100133091	13.1183053501235	5870.73919288215	0.929319181418342
LOC645591	-13.5421397479739	9419.14653717341	0.950946893969685
BC007100	-14.2243829713582	4007.85670781041	0.907309803351387
C7orf45	-12.6703680787264	9168.21647091554	0.943531678237796
OR9A4	-14.0802689325569	4302.30264799092	0.912253280505979
MTRNR2L6	14.042645466821	36579.8330958594	0.979898949511105
DQ590227	-11.9941775996984	34191.4306259259	0.954690850932354
BC070228	-12.3121936771262	6123.9917885894	0.924721020682636
MIR124-1	-13.7067529416579	36920.4438912574	0.978990222092981
BC043205	-19.7618164511402	140666.111066528	0.993911526298571
C8orf71	-14.8654405002805	9302.75736124222	0.951383083130384
LOC286189	13.3513436969294	16751.4171160561	0.965595579949838
CA1	-11.9070612286172	18672.5831760474	0.944749372978081
SLC7A13	-12.7083120688467	12641.7282361424	0.952437206935408
TM7SF4	-11.4586632658853	6410.68067999504	0.908000436189161
LOC100131726	-14.4980623262903	4622.42153294925	0.916706044854785
PTP4A3	-13.0645465444953	8661.9054221633	0.945167387590418
ADCK5	-12.4560794218884	12055.2874185561	0.947893569844789
RPS6	12.7859574927893	18755.2305874142	0.961997019374069
DQ585850	-13.2753941216258	77571.3447212101	0.983624731925412
DQ596352	-10.9925390620862	18385.3529920086	0.91379811711679
DQ586551	-11.6317012413945	96078.6581316124	0.95260077787067
BC121813	-13.6317012413945	3844.05496996136	0.904274653774854
BC118602	-13.6317012413945	4781.93033983957	0.918759768819745
LOC554249	-14.199974120204	4841.61000803481	0.919577623496056
FAM27E3	-14.1967267477909	4724.40482876248	0.918069135981971
FAM27A	-11.9738582450477	9413.368558169	0.932754171058849
DQ592725	-13.963020216776	133868.14076168	0.990494711206427
DQ582032	-13.2607950763251	76790.2575243884	0.983352113699975
DQ584769	-13.2607950763251	74313.1524429565	0.983079495474537
MIR23B	-14.0604410029404	58973.2014930091	0.984951473955872
TAL2	-15.0773225882659	12370.4214482998	0.96090654647232
DQ571464	-13.7499805630811	270035.896577781	0.992930100686998
C9orf106	-14.907263800667	8555.91365183079	0.947330158845553
AX747401	-14.907263800667	4070.33589644095	0.908563847188397
PAEP	-14.6709403249938	4832.52803446318	0.919486750754244
BC101937	-13.4089224475245	21097.7969559115	0.970775326233143
UBAC1	12.2326871863242	6698.49183842154	0.926992839227945
TUBB4B	12.2332552407669	6114.74077386894	0.92350332594235
FAM166A	11.6182885670803	7060.91943506677	0.91512485914725
DQ582201	14.3695519763191	1198295.49191805	0.997546435971066
TVAS5	19.6584469789646	55988862.1295774	0.999872778161463
STRF6	18.2191494825569	1414357.72167241	0.999527461742576
MTND5	16.1813205390109	952728.481064951	0.999127621678601
AF079515	14.6279141866846	129879.801639326	0.992275816945949
TMSB4X	11.5437684280019	13737.0619965047	0.928483152193668
APOO	12.0296138182241	5842.97407336361	0.918759768819745
EIF2S3	13.1815568832951	4224.21666876702	0.910563047508269
POLA1	12.3854211321834	4578.00628152912	0.91167169495838
VENTXP1	14.4592547279117	18260.0536498994	0.970339137072444
PLP2	11.7246313207434	5112.55727899066	0.907164406964487
PRICKLE3	-13.489017676572	8397.1763083984	0.94576714768638
SNORA11	-12.1754784447774	29076.1278811869	0.957362509541638
RPS4X	11.993005875392	18147.8652299907	0.946494129620879
TGIF2LX	-14.2033744583004	5025.94075205662	0.921776743847915
AK026512	-14.3592517828714	3899.67896391153	0.905165206644615
H2BFXP	-11.9303578554432	6629.1149584642	0.921176983751954
KCNE1L	-12.6930556319272	6915.89325298131	0.933063138381011
SNORA35	-12.8253944051897	13205.4564321932	0.955599578350478
ZCCHC12	-14.1321924007929	4773.33810020304	0.918705245174657
MIR92A2	-13.4042688556808	33928.1528156324	0.976954672676384
MIR106A	-13.4042688556808	31414.9563107708	0.97597324706481
CT45A2	-13.4359017144946	3737.84880476295	0.90189378793937
CT45A3	-13.4359017144946	3875.05158827111	0.904656319290466
SNORD61	-12.4006183106756	17383.1882082917	0.95414561448148
SPANXA1	-13.0128364757686	5051.78523807975	0.920940714623242
MIR105-1	-12.6263875677759	18320.707007328	0.959107266184435
TTTY18	-13.177939437986	34532.9318239388	0.975119043291774
TTTY19	-13.178483269098	28381.6194154757	0.972720002907928
RBMY1A3P	-11.5322544853284	17875.6469127698	0.932863218349024
TTTY20	-14.9894090980913	29479.7084626499	0.979081094834793
RBMY3AP	-11.6157448816788	7745.49824867634	0.917851041401621
TTTY17A	-14.045127607392	23902.6177920867	0.974555632292537
DQ579249	-13.44675238092	90367.7478700477	0.986150994147795
TMEM240	-14.8994353513492	6359.57645713918	0.934607974991821
CATSPER4	-13.1033295304898	13001.7270177358	0.958016793282687
RNU11	-15.9633734830232	111093.392367832	0.992203118752499
FAM183A	-12.3324327368293	9119.1124643308	0.938842644760278
BC039493	-12.3644307736894	26792.1236907358	0.959779724473847
RBM14-RBM4	12.0142525507477	5641.87644595758	0.917124059467122
KIAA1002	11.0788911280653	34868.9934908991	0.92533895532696
hADV14S1	-13.9941670980258	9433.78460032266	0.951601177710734
TRAV1-2J6	-15.895235190039	158952.546140924	0.994311366362546
PSMB11	-14.5763135025717	7552.99803298897	0.942077714368798
BC153822	-15.5482615837082	4540.80227204849	0.915579222856312
PIRT	-13.7145329359703	7288.96709746758	0.940260259532551
MIR187	-12.8553665400193	15956.6004715308	0.959852422667297
SNORD105	-11.3122083502231	17584.9836037754	0.924884591617898
SNORD105B	-12.6371366005559	16250.8361712927	0.956926320380938
SNORD23	-11.0797173274869	27666.6839081407	0.922649122169314
SNAR-A12	-11.3357822789298	22309.8230044103	0.929828068772491
SNAR-G1	-11.8788219738737	6904.47985636589	0.920922540074879
KIR3DX1	-15.5268000657058	4340.57321735541	0.912871215150304
SNORD11B	-10.9272868106609	38632.0602527795	0.919432227109156
SNORD119	-11.651877628976	7865.62066043317	0.919159608883719
LINC00479	-13.1737407981448	7456.46681228319	0.939533277598052
DKFZp586E1322	-12.9908425961696	7303.40460251736	0.938097488277416
MIR3653	-13.2266721702725	23435.9772812857	0.970775326233143
BC152379	-13.6701997171534	4935.0288912098	0.920686270946167
SNORD123	-12.1204125180802	11874.1368553963	0.941605176111374
MIR218-2	-11.6852522719272	7025.24381782938	0.917015012176947
6M1-18	-10.6145884120082	41876.0824708562	0.906219330449638
AK310146	-13.0744273996141	5091.45996745824	0.921540474719203
DJ051769	-11.1023429709057	10316.8048411875	0.907673294318636
TCRBV5S3A2T	-13.3551966539329	82991.807981509	0.98500599760096
TCRBV5S2	-13.3551966539329	29047.1327935282	0.9747192032278
DQ673928	-13.0550420127617	39238.6466903711	0.975046345098324
SNORA11D	-12.198822473065	8687.40184074158	0.934880593217259
MIR384	-11.5958391142399	8253.666894052	0.918850641561557
LCE3A	-12.8850626981615	6575.72637616828	0.933499327541711
MIR205	-13.6879221506828	28159.445243793	0.975736977936098
OR2AK2	-14.3503278844312	4863.76249853622	0.919886590818218
AK303207	-14.6104445170742	3867.83073084924	0.904729017483916
FAM25B	-11.8757463626333	44725.2696067976	0.953818472610956
DQ577219	-13.7199208471157	102161.762176835	0.98816836901603
DQ597117	-11.3752047369859	103809.269831181	0.94436770746247
DQ593224	-11.9848572536353	36584.3684483185	0.955054341899604
LIPK	-12.0362104320303	9845.29989732972	0.935353131474683
FRG2B	-16.3445380585818	21947.0189814815	0.974737377776162
DUX4L3	-10.9550837388122	12073.7429670122	0.905510523063502
OR2D2	-12.7049338985626	5931.15058273296	0.92724728290502
OR2D3	-12.5757151471615	5062.49514698148	0.918596197884483
DQ595261	-15.4583558182019	364414.529883768	0.997219294100542
DQ580332	-15.4583558182019	406462.360254972	0.997600959616154
DQ588034	-15.4583558182019	377429.334522474	0.997382865035804
DQ599212	-15.4583558182019	352267.378887643	0.997164770455454
DQ587623	-13.9068818849236	133527.616842641	0.990294791174439
DQ592381	-13.9068818849236	120174.855158377	0.98971320562684
DQ589460	-13.9068818849236	120174.855158377	0.98971320562684
DQ590971	-13.9068818849236	133527.616842641	0.990294791174439
DQ597700	-13.5561005048604	91194.7144387791	0.986732579695395
DQ583098	-13.7142921694398	108782.126611814	0.98845916178983
DQ598733	-13.7142921694398	116840.061916393	0.988895350950529
DQ576346	-10.8937433649489	15391.8824618867	0.906073934062739
OR4C3	-14.25971916586	4650.72229255931	0.917142234015485
OR4A47	-14.0311599102225	4225.37891472538	0.911126458507506
OR4C13	-14.0133933580246	3772.11259797024	0.902693468067319
OR8J1	-15.0529268308293	7429.16467265164	0.941350732434299
OR5R1	-13.734005143362	8183.15074894954	0.945167387590418
OR5M9	-15.0529268308293	8551.90016980477	0.94731198429719
OR5M3	-15.0529268308293	7591.74391858026	0.94238668169096
OR5M11	-12.1204141359125	8511.3007351704	0.932517901930137
OR6Q1	-15.2715622353686	9732.25552693284	0.953000617934644
OR9Q2	-15.2743063544811	8573.50139101712	0.947475555232453
OR1S1	-13.4635267506105	6791.50126112019	0.936716222601868
DQ583960	-12.2752299854185	38777.3472790685	0.96237868488968
MIR326	-12.8194643509094	17858.0547877262	0.961651702955182
CCDC153	-11.9297223344007	23629.9027102898	0.948620551779288
MIR125B1	-13.5009373405095	30920.1446391394	0.976227690741885
OR8B12	-14.8795353447275	7583.41725751619	0.942332158045873
OR8A1	-14.8795353447275	7212.36320210256	0.940278434080913
DQ584103	-11.7679976057576	27280.2918732201	0.945948893170005
POU5F1P3	-16.8046124977433	24787.5666631196	0.976772927192759
RNY5	-11.3002176676846	10553.9779986506	0.915215731889063
LOC100240734	-12.9791246276836	3775.05137895725	0.902093707971357
OR9K2	-22.2434453358204	1156267.12367672	0.999527461742576
OR6C1	17.5002084922026	678205.07916757	0.998836828904802
OR6C4	15.1583975434362	684695.976883654	0.99816437061539
OR10P1	15.5469312488549	675978.099243147	0.998473337937552
DM110804	-13.6622309989765	50714.3812173285	0.981952673476064
LOC647264	-15.4559968535688	20407.6503454435	0.973410635745702
OR4K14	-14.5983377305852	6240.4072863353	0.933462978444986
OR4K13	-14.6456324182293	6575.23333528122	0.936152811602632
OR4N5	-14.6456324182293	6490.11704615137	0.935353131474683
OR11G2	-14.6456324182293	5796.08718861495	0.929609974192141
OR11H6	-14.6456324182293	6058.74975003254	0.9320998873178
OR11H4	-14.6518293787564	6197.16688085623	0.933154011122824
DQ580323	-15.1435284155272	292968.441463059	0.996510486714405
DQ573937	-15.1435284155272	292968.441463059	0.996510486714405
MIR136	-12.4828115989959	16382.7020995814	0.954545454545455
MIR494	-11.1347453121438	16316.6805857558	0.91725128130566
MIR134	-15.4522312525587	361135.555603061	0.997146595907092
MIR369	-13.0936770853488	73427.6317761447	0.981207516993203
DQ593983	-12.8064669008344	231903.115712966	0.983951873795936
DQ576154	-10.3912829063315	141083.078889563	0.902311802551707
DQ590680	-10.3912829063315	127429.877706702	0.902184580713169
DQ576060	-10.9995424241219	231672.925718549	0.93231798189815
DL491203	-12.0894393570893	15980.0737960025	0.946475955072516
MIR212	-11.3965733505848	5750.83839143617	0.902584420777144
DQ596932	-13.6512752882424	111845.976135545	0.988368289048017
DQ578124	-13.8298510015815	131453.258750542	0.990131220239177
DQ584883	-13.8298510015815	117854.645776348	0.989476936498128
AK301679	-14.1598647120437	4228.64397113792	0.911180982152593
DQ600835	-13.4880205822725	89890.5971763444	0.986314565083058
DQ592701	-13.160327888535	67147.6119356641	0.981080295154665
DQ581854	-11.5661488417841	27366.2746072857	0.939515103049689
DQ587527	-13.1495239473006	71089.6913160059	0.98155283341209
MIR193A	-12.4164193730082	14578.9782845813	0.95105594125986
KRTAP4-7	-13.9432664680146	3941.7182561528	0.906001235869289
MIR196A1	-11.6471587095073	10751.899889339	0.927047362873033
MIR301A	-10.888493670791	28362.0907128717	0.914652320889826
MIR122	-14.1648255781122	50718.844959568	0.983570208280324
DQ587284	-12.548324131711	70208.7824834115	0.972610955617753
DQ575167	-12.5338938239389	67267.6596692114	0.971883973683254
DQ582989	-12.5338938239389	69509.9149915184	0.972211115553778
DQ580366	-10.8828055374862	22886.8535010401	0.91196248773218
LEUTX	-11.5261275701494	9257.80600774828	0.920286430882193
SNAR-A3	-12.2538473050111	42512.321601111	0.962469557631493
MIR150	-13.8146753502605	40262.1328079781	0.980171567736542
SNAR-B2	-14.419873907162	42873.4135794935	0.982697829958926
MIR217	-14.3226036952795	43721.3930311869	0.982388862636764
MIR216A	-14.3226036952795	43721.3930311869	0.982388862636764
DQ584199	-12.1294634885713	37553.6292738988	0.958870997055723
EPC2	12.9698332363906	6662.20796056335	0.934353531314747
MIR149	-14.0592574176991	45021.2237452526	0.982043546217876
DGCR10	-11.0148995738066	10264.3810859411	0.904165606484679
GSC2	-12.3878312541905	5077.48681643177	0.917214932208935
DQ588809	-12.6319711365794	49657.7548979524	0.970957071716768
DQ593994	-14.6889407296918	213782.360130106	0.994565810039621
DQ596940	-11.3226607637478	72712.7329142126	0.940096688597288
MIR33A	-13.1335865927411	30568.9583126888	0.973337937552252
DQ586951	-12.7584187166482	60230.2724859273	0.974828250517975
IQCF5	-12.9227448758442	12050.6076885939	0.954272836320017
LOC728405	-16.2316883078333	11339.0895592718	0.958180364217949
SMN1	11.7583962717109	6332.30478180337	0.915960888371924
RNU5E-1	11.2330826963067	38140.877561497	0.931736396350551
DQ596041	-12.2685883333489	41356.2906268463	0.962796699502017
DQ574682	-12.0704572116024	84287.8798599327	0.964250663371015
LOC202181	12.9096292385411	4268.69625923959	0.910799316636982
OR10C1	-11.1605954016482	19067.7287234207	0.920758969139617
MAS1L	-16.1462358644944	14973.0199614311	0.965795499981825
RP	-16.0625074395278	13060.4948301673	0.962324161244593
CCL24	-12.5012328389133	3779.57697277967	0.900167205844935
TCRBV5S6A3N2T	-11.3585893646615	9802.58868339553	0.915760968339937
TCRBV13S1	-11.3585893646615	29345.3291795917	0.933408454799898
DQ581988	11.4545400867213	164709.223053586	0.948911344553088
DQ601751	-13.3956199376092	84313.3605253548	0.985405837664934
DQ579694	-13.3956199376092	90335.743420023	0.985932899567446
C9orf152	-12.0773981334305	4123.3414965597	0.902766166260768
OR1J4	-14.242485179432	4829.65919942272	0.919414052560794
OR1N2	-13.9653915483667	3780.94100624038	0.902875213550943
BC018860	15.0750795847774	1492728.91887829	0.998745956162989
OK/SW-cl.16	17.6779959692207	298853.401145716	0.997237468648904
BCYRN1	14.501373058339	183812.843131158	0.993820653556759
DQ600137	-12.2243919241157	36226.8633211949	0.960379484569808
5S_rRNA	-11.2765017174804	5519656.57176287	0.944840245719894
MIR4632	-12.722232730951	20332.4320731414	0.962396859438043
MIR3675	-12.4783907016256	18346.1724235513	0.956581003962052
MIR3659	-12.835454461683	17327.532696642	0.96119733924612
SNORA2	-11.8156700953485	15468.4836879824	0.938624550179928
TRNA_Cys	-11.1005032843217	63344.2620084502	0.930973065319327
Mir_448	-14.1802872935355	38906.7495968565	0.980898549671041
U3	-13.1517559202382	84523.7164526232	0.9832430664098
BC047032	-16.7934514525697	92077.3104197066	0.991112645850751
MIR190B	-13.9555647036525	47202.3583628966	0.982152593508051
TRNA_Asp	-10.9014804771916	99552.8036871019	0.924866417069536
MIR4654	-11.6297227364026	9784.06348304712	0.924321180618662
MIR3119-2	-11.5644813291444	8361.18756164875	0.917869215949984
MIR3119-1	-11.5644813291444	8361.18756164875	0.917869215949984
DQ593451	-11.0981490122014	18369.3633859503	0.918032786885246
DQ592690	-12.874979058009	58769.2789010474	0.97648213441896
DQ587855	-13.5111448401737	91343.1452967496	0.986587183308495
JA611272	-11.6112660637938	8844.98263427461	0.921158809203591
U6atac	-14.9232162023792	634526.104613126	0.998037148776853
MIR1915	-11.8310768790887	10687.4565611228	0.931590999963651
JA682651	-12.1557269754068	50991.5833489231	0.962396859438043
MIR3156-1	-11.5544355747946	9410.2368059257	0.921031587365054
MIR4294	-13.7363060686057	42147.2539164536	0.980298789575079
JA429001	-13.7324128309932	152121.820411094	0.990585583948239
JA611246	-11.5057390443572	29666.745414773	0.938733597470103
DQ597779	-11.5057390443572	22744.5048179926	0.935807495183745
DQ592472	-12.1590456076249	38331.7800526873	0.959761549925484
DQ582272	-12.1590456076249	34622.2529508143	0.958889171604086
DQ597620	-13.1146252960189	69390.484080815	0.98104394605794
DQ579258	-13.1307723217171	70171.5712776366	0.98126204063829
DQ596518	-13.072129277824	65202.6786871591	0.979989822252917
DQ577458	-11.0686242616683	16255.4317691848	0.914779542728363
DQ596791	-12.3540811781124	42368.4511651823	0.964377885209553
DQ579048	-12.3540811781124	42368.4511651823	0.964377885209553
DQ599234	-12.3535984867138	42354.2753539877	0.964377885209553
DQ571693	-12.3521494427787	39581.9577319908	0.963796299661953
DQ577365	-12.3521494427787	42311.7479204039	0.964377885209553
DQ582762	-12.7716393873841	213274.14652935	0.9828068772491
CPEB3_ribozyme	-16.8995123188499	367905.693670961	0.997619134164516
MIR609	-13.4941649898111	28507.6702524246	0.975119043291774
MIR4295	-12.1107332354912	12211.0043335994	0.941877794336811
Mir_652	-11.027316482464	15007.7850254177	0.911726218603468
JA429539	-12.1084462884624	47104.1351935171	0.960415833666533
OLFR690	-13.6647624343955	3685.86112921411	0.901039584166333
SnoMBII_202	-13.6086251925431	34091.4682719315	0.977899749191233
LOC100500938	-11.4802530486778	11702.6296198378	0.923612373232525
Mir_633	-10.579373742458	47573.9111832303	0.905819490385664
DQ583646	-11.4970237016773	22607.471976445	0.935425829668133
DQ594571	-11.5307198206057	23939.8966122215	0.936916142633856
DQ594135	-11.5307198206057	23939.8966122215	0.936916142633856
DQ594374	-11.5307198206057	23939.8966122215	0.936916142633856
DQ588704	-11.4508352105893	23458.8227147112	0.934062738540947
DQ587050	-11.5383853402052	22514.7383379423	0.936716222601868
DQ589570	-11.5383853402052	23265.2296158737	0.936988840827305
DQ571892	-11.5383853402052	24067.4789129728	0.93731598269783
DQ573752	-11.5383853402052	25850.2551287486	0.937988440987241
DQ583615	-11.9742208880456	36315.5732591289	0.954545454545455
DQ582903	-11.9742208880456	36315.5732591289	0.954545454545455
DQ573895	-11.6951921456155	29927.7346454458	0.945149213042056
DQ599539	-11.6951921456155	25100.6806703739	0.943168187270546
DQ575274	-12.7801336206733	55029.4422866205	0.9742830140671
DQ593189	-14.1427852103108	146404.729522243	0.991748755043437
DQ575059	-14.1478050524821	142017.890101073	0.991639707753262
DQ574428	-14.1478050524821	142017.890101073	0.991639707753262
DQ573749	-14.2952162854685	157297.051933637	0.992530260623024
DQ576379	-14.4259705288514	178158.546598114	0.993602558976409
DQ571263	-14.4910570022726	186380.517090973	0.993857002653484
DQ582888	-14.5868839405223	222163.729361185	0.994656682781433
DQ595146	-14.5868839405223	222163.729361185	0.994656682781433
MascRNA_menRNA	-10.9854106131813	37004.392606103	0.922194758460252
MIR4692	-11.3633924489884	9812.75832849961	0.915779142888299
MIR1260B	-11.854464757452	9763.75140143469	0.930227908836465
DD413629	-13.410779689374	111135.748689671	0.987295990694631
MIR4693	-13.340661271809	32464.6420679035	0.975936897968085
DM119543	-14.170865784085	196781.370756708	0.99309367162226
U4atac	-12.0218050252508	46470.2183303922	0.95788957144415
MIR4493	-11.9641380458814	12844.2099773022	0.939424230307877
DQ591569	-11.8690009338647	43939.5596116593	0.953400457998619
DQ588965	-12.4929285439213	45094.5612744154	0.967503907527898
DQ590472	-12.4929285439213	46649.546145947	0.967831049398422
DQ573743	-14.574303137639	197451.825633944	0.994202319072371
Mir_720	-13.4718770870997	23809.8903838517	0.972610955617753
JA611266	-11.5644813291444	9351.32819394926	0.921267856493766
LOC643339	11.5122364137426	38121.8971640901	0.941332557885937
MIR1251	-11.9237373582157	13024.6874470079	0.938479153793028
SnoMe28S_Am2634	-11.3404443103225	9908.81697706383	0.91541565192105
MIR3922	-12.2744525772787	34531.9405218552	0.961251862891207
MIR4700	-11.7794050166765	27926.5088391795	0.946385082330704
MIR3908	-14.933421831075	203511.265621298	0.994729380974883
DQ590719	-11.9399050330641	30733.519480221	0.952219112355058
DQ588544	-12.8601320078606	62322.3153836377	0.976682054450947
MIR2681	-12.9544990655682	26645.0512241889	0.969303187815783
MIR4705	-13.5411290894984	39406.3120049648	0.978935698447894
OR11H2	-14.201315139902	48788.6878870328	0.983333939151612
HTJA150	-15.3605522320107	139089.019050787	0.993402638944422
MIR4707	-12.7962079618742	20867.2837775944	0.964323361564465
MIR4308	-14.8000155781483	82665.2390495944	0.989513285594853
RNaseP_nuc	-12.4823701183804	4583.51697488407	0.912307804151067
MIR4505	-13.8338364184896	46948.4930627519	0.981789102540802
DQ577854	-11.4040515906086	23551.1485650046	0.932154410962888
DQ593003	-11.4040515906086	22710.0361162544	0.93188179273745
DQ597272	-11.4040515906086	24456.9619713509	0.932663298317037
DQ575342	-11.376756524552	21515.8328979475	0.930536876158627
DQ578127	-11.4096349413864	22011.986289758	0.9319544909309
DQ578350	-11.1307914275029	17537.2568391817	0.918323579659045
DQ591177	-11.1307914275029	16971.5388766274	0.917723819563084
DQ584348	-11.0556253874545	16646.5433691219	0.914870415470176
DQ572059	-11.0556253874545	17220.5621059882	0.915379302824325
Mir_320	-12.9825627013936	20874.7019341496	0.966722401948312
DQ592463	-11.0496778670802	18420.029942609	0.916306204790811
MIR626	-11.3561655291817	26175.0453301047	0.931972665479263
MIR4713	-12.622386032312	19731.5504312952	0.960506706408346
DQ588654	-12.622386032312	47737.6220111981	0.970484533459343
DQ578013	-12.3487626695329	45339.370371082	0.964995819853877
DJ439519	10.8105046199155	135488.139401996	0.922358329395515
MIR548H4	11.5522718957065	59551.7394688195	0.946512304169241
DQ582680	-10.4433514533964	119707.379288929	0.903892988259242
JA429839	-10.8019043929825	19037.317738347	0.906382901384901
DQ591093	-10.8019043929825	13510.3545239882	0.900621569553997
DQ570891	-10.8019043929825	14957.8925087012	0.902293628003344
DQ595265	-10.8019043929825	13960.6996747878	0.901075933263058
DQ590811	-10.8019043929825	16108.4996247552	0.90365671913053
DQ577480	-11.1553702888258	19112.9240256284	0.920831667333067
DQ573982	-11.1553702888258	19112.9240256284	0.920831667333067
DQ601402	-11.1553702888258	18453.8576799171	0.92012285994693
DQ596112	-13.7270191244147	109746.081773046	0.988640907273454
DQ574554	-13.7270191244147	113665.584693512	0.988804478208717
DQ576888	-13.2646512762569	79650.8346069413	0.983824651957399
DQ595661	-13.138078038666	70527.8566656605	0.981371087928465
DQ598070	-12.39499988726	42134.651896986	0.964995819853877
DQ592190	-12.8638652922921	60329.2039487217	0.97648213441896
DQ578010	-12.8638652922921	58318.2304837643	0.976209516193523
DQ595173	-11.793134103989	26864.4259535195	0.94605794046018
MIR4718	-12.2869062166396	22995.6016556636	0.956871796735851
MIR484	-11.8213352776037	10749.8879182889	0.931536476318564
DQ576448	-10.7790799835156	14722.9790660481	0.901257678746683
MIR4518	-12.9627600723438	22574.6827584953	0.967612954818073
JA536067	-12.2070789917664	46138.48798168	0.962342335792956
SNORA70D	-13.012530745934	14366.4772807258	0.959416233506597
MIR1910	-11.00639141297	39098.8376225902	0.923376104103813
DQ588877	-12.9709655528761	69792.1196516972	0.979226491221693
MtDNA_ssA	-11.2971110551002	18405.3303235551	0.92533895532696
DQ587033	-13.9067491299078	449497.511629387	0.994802079168333
DL476313	-11.5761136445681	34116.9677183402	0.942568427174585
DL476366	-11.5761136445681	34116.9677183402	0.942568427174585
DL476309	-10.7143845795461	18769.2894650027	0.902293628003344
DL476358	-12.9161225965559	86385.2087086607	0.980371487768529
MIR4314	-12.3375783879961	13203.3449342655	0.948038966231689
MIR4521	-12.9245968763954	30412.9657420432	0.970629929846243
MIR3676	-14.087979341947	48087.8144018529	0.983006797281088
MIR744	-14.8435496041745	70418.5972123876	0.988059321725855
DQ574806	-12.8054966277955	240023.866853748	0.984115444731198
DQ571055	-12.2914495758455	42016.9846843082	0.963269237759442
DQ578661	-11.1707961347455	16903.6641269562	0.919014212496819
DQ586256	-10.9226677575337	15180.291964562	0.906928137835775
DQ583069	-10.9226677575337	15180.291964562	0.906928137835775
DQ577541	-10.8910848906281	15363.5308394975	0.906055759514376
DQ586800	-10.8368599900318	13841.8855922487	0.902402675293519
DQ601084	-10.8368599900318	14796.4983917141	0.903565846388717
MIR4522	-14.6385174294655	68813.0966437704	0.987568608920068
DQ586005	-17.0879160156607	1127583.50135546	0.999363890807313
MIR451A	-13.8828304833696	49244.9495649731	0.982388862636764
MIR451B	-13.1765200577496	31955.5646308116	0.974264839518738
MIR4732	-15.2851043758093	123317.575768985	0.992621133364836
MIR4523	-13.8769644005326	51177.5060915299	0.982770528152375
AF086346	-11.0471640768592	25109.256076403	0.920522700010905
MIR4724	-12.5961019633838	16327.4705420826	0.956617353058776
MIR4725	-12.5961019633838	16146.0542027261	0.956453782123514
DD413671	-11.9312257390973	104361.574129548	0.962342335792956
MIR4727	-11.6628287838507	13833.7265953925	0.932354330994875
JA429848	-12.7757164663952	186637.449004047	0.982606957217113
MIR4315-1	-12.717360388558	54016.8337305536	0.97295627203664
DQ593902	-12.8028991807524	149433.307063257	0.982152593508051
DQ573673	-11.0548120628967	40167.3950031806	0.92533895532696
MIR1203	-14.2761130860536	54786.3021269178	0.98471520482716
DD181999	-12.162907721464	46789.8926585975	0.961560830213369
LOC100506650	-12.2584305108637	5392.02800087598	0.918832467013195
MIR4736	-14.901578979379	152856.795963681	0.993711606266584
MIR454	-12.4462485623955	62462.7545711899	0.969703027879757
MIR4737	-13.7105274803501	38845.1814969104	0.979408236705318
TRNA_Und	-14.4741707343808	71228.4922849046	0.987550434371706
MIR3065	-10.8812450973399	44850.2457001431	0.918596197884483
DQ572814	-11.8666947683267	29212.454939042	0.949402057358875
DQ583379	-11.8666947683267	29212.454939042	0.949402057358875
MIR302F	-12.3879459482417	24664.1780203909	0.959543455345135
MIR1539	-12.2317651078018	22575.7628460409	0.955472356511941
MIR4746	-12.3084853999533	16766.9425492745	0.952019192323071
hsa-miR-3074-5p	-15.0615234332863	382219.53748983	0.997092072262004
FW420894	-15.0615234332863	382219.53748983	0.997092072262004
MIR639	-15.0615234332863	81904.1866049637	0.989695031078478
MIR1470	-15.0625574985828	131678.125682483	0.992857402493548
DQ571988	-15.0625574985828	308937.141024286	0.996601359456218
MIR3188	-11.4654899970247	27255.1668240171	0.936443604376431
MIR3189	-11.4654899970247	31735.4682197459	0.938297408309404
DQ580047	-12.3069903046538	39640.6541808187	0.96303296863073
DQ573935	-12.4338769738459	43285.7277659864	0.965868198175275
MIR1270-1	-13.2928712446865	28379.5920462249	0.973955872196576
DQ589171	-11.0413099308128	17050.4523716531	0.914416051761114
DQ589981	-11.4372321021095	23238.5913622239	0.933481152993348
MIR641	-14.2909369150138	47524.5879613257	0.983261240958162
DQ590318	-11.2392868208289	21816.4445246057	0.926029588164734
MIR642A	-14.0525815971959	41117.417316686	0.981062120606303
MIR642B	-14.0525815971959	51797.2659703707	0.983406637345062
MIR769	-11.3977177587859	34771.4636462741	0.936589000763331
MIR320E	-13.8180634028305	96053.5462075154	0.988186543564392
MIR3190	-14.4436538341189	65378.976533312	0.986914325179019
MIR3191	-12.5112218688685	18027.6707403614	0.956780923994039
MIR4749	-11.3153650809494	38747.4077002981	0.934807895023809
DQ581862	-11.8469395011638	27885.5416437618	0.948129838973502
MIR4757	-13.4335673507128	33724.9477117155	0.977063719966559
MIR4263	-12.7197645412774	47588.0293822253	0.971829450038167
LOC100288911	-12.7318108200296	5456.40779941409	0.923248882265276
MIR548AD	-13.3113824825582	29096.6759836615	0.97435571226055
MIR559	-14.0195196238185	60836.1601441088	0.98493329940751
MIR216B	-11.5586298099703	8631.99089106881	0.918741594271382
IGKV3-11	-13.6330940240056	9289.78283922914	0.950528879357348
MIR4435-1	-13.5976608006346	39319.8236629107	0.979171967576606
MIR4436A	-12.2665385814684	13603.9028641544	0.94745738068409
IGKV	-12.2665385814684	3854.43914484374	0.900457998618734
MIR4265	-13.2779401943229	23547.9932008357	0.97141143542583
MIR4266	-13.6471453521052	54749.2415753128	0.982661480862201
MIR4773-1	-11.5727996852764	9164.25548700735	0.920922540074879
MIR4773-2	-15.7514053108519	166003.613132206	0.994529460942896
SnoZ5	-14.7370135146172	75408.9387043016	0.988477336338192
MIR3606	-13.5804377062192	45637.0583331013	0.980480535058704
MIR3129	-13.5874337463469	38014.631905569	0.978844825706081
MIR548F2	-10.7555695310636	35285.2058146693	0.91188978953873
MIR4776-1	-13.8739382447088	44048.1018358998	0.981207516993203
MIR4776-2	-13.9142653128992	45296.8136045029	0.98148013521864
ECEL1P2	-14.4860008315976	4114.68637395313	0.909381701864709
MIR499A	-12.4260930968139	10586.7471972185	0.943986041946858
MIR499B	-12.4260930968139	17692.9199734337	0.954908945512704
MIR4533	-12.9503636769739	26164.3074154089	0.969157791428883
MIR1257	-15.5563434945414	144841.958252897	0.993747955363309
MIR647	-11.0696024458233	13159.1160098637	0.911144633055869
MIR4327	-12.8820534991864	20844.0733511018	0.965268438079314
MIR4760	-13.1608797618484	26869.3222373817	0.971793100941442
MIR3197	-11.1112975163123	17738.7968024712	0.918141834175421
MIR3199-2	-10.8178364721175	29613.061926219	0.912398676892879
DQ601415	-11.8492133487228	41845.8573549993	0.952273636000145
DQ587809	-12.0707661211465	34812.7437984684	0.956435607575152
MIR548AC	13.0493000636923	172474.441040006	0.986314565083058
MIR711	-13.4310530903091	34109.1959214608	0.977172767256734
MIR3938	-14.4166426194343	49837.8531150409	0.984297190214823
MIR4272	-11.314626889548	9338.26325723948	0.913143833375741
MIR4795	-14.7626908687579	73313.1165928727	0.988331939951292
MIR548G	14.2345254068893	565890.448545891	0.996437788520955
DD413694	-12.8890652246196	80926.3319936887	0.97949910944713
MIR1224	-11.9488804112913	10914.8348676663	0.935571226055033
DQ572955	-10.8239333787456	24563.1125813443	0.910290429282832
DQ577349	-11.4105634026758	21291.9566975875	0.931554650866926
MIR943	-15.5930130108203	123424.83144794	0.992839227945186
USP17	-12.8072212618892	55948.6520005857	0.975173566936862
MIR548I2	-19.280396773238	1003148.78306005	0.999472938097488
AB059369	-14.1707650521768	36514.3045481503	0.980262440478354
DQ589421	-21.4461871265747	75535088.5892342	0.999945476354913
DQ583133	-19.5400624467658	22312656.7059131	0.9998546036131
DQ581767	-21.0361632440852	58743476.4369361	0.999945476354913
DQ584082	-16.0149021329886	1808852.17816917	0.999327541710588
MIR4451	-11.4344960208346	9840.11003891426	0.918050961433608
MIR3688-1	-11.288602028401	6311.40093357644	0.902257278906619
MIR4454	-12.1695045288498	19656.3766080629	0.952273636000145
MIR4636	-12.0114160998576	12110.8852026991	0.939460579404602
MIR4637	-12.1579402448744	12767.4719574519	0.943967867398495
MTRNR2L2	14.1661567609008	651814.59374274	0.996419613972593
MIR4280	-11.1990137593084	7257.97123293834	0.902693468067319
MIR583	-11.4363206514515	8670.25946156836	0.915088510050525
SnoZ6	-11.4589359320262	9713.92533431913	0.919068736141907
MIR3936	-12.1322803114079	9577.79192993073	0.936734397150231
VTRNA2-1	-12.4894176475565	13495.4805003532	0.95091054487296
SNORA36	-12.2934642629934	15104.1021187077	0.949656501035949
MIR143	-13.3079787582468	54097.8281171515	0.980753153284141
JA483376	-13.7246857103536	198363.610338417	0.991476136818
CBY3	-14.8379318602227	29629.7294596727	0.979099269383156
DQ589679	-11.4188927749373	22153.7444017038	0.932208934607975
MIR4645	-13.3602559930564	32053.8589037512	0.976027770709898
MIR548A1	-11.9411906536824	9513.68846861769	0.9323906800916
DQ573101	-15.6639807035542	406230.91188911	0.997710006906328
MIR4640	-12.6586915315496	58870.964214188	0.972938097488277
PMSP	-14.3381801888602	26137.4341186033	0.976391261677147
HCG23	-11.9185572192031	7380.72452251703	0.924048562393225
JA611279	-12.0909296798451	34515.2290211056	0.956908145832576
DQ586570	-14.4297535648951	172672.136755284	0.993511686234597
DQ597719	-14.1032776274621	142449.678198954	0.9916215332049
DQ586674	-14.1032776274621	142449.678198954	0.9916215332049
DQ594165	-14.0446791409364	132220.041930416	0.990803678528589
DQ578525	-13.4221034201468	92009.5016989265	0.98618734324452
DQ571282	-12.9394689664849	61456.2825552056	0.977790701901058
DQ570892	-12.9394689664849	59473.8218276184	0.977572607320708
DQ586217	-12.9394689664849	61456.2825552056	0.977790701901058
DQ579683	-12.9394689664849	61456.2825552056	0.977790701901058
MIR1275	-11.6455823000756	9397.63494005551	0.924321180618662
MIR4462	-11.9476016280026	15981.7028741784	0.943222710915634
MIR4641	-11.2845562052096	7316.44865905047	0.905855839482389
MIR586	-13.4882404766059	27805.4537506698	0.97479190142125
DM119538	-12.0120279672059	44058.2688518442	0.957271636799826
DM119539	-12.0120279672059	44058.2688518442	0.957271636799826
MIR4282	-12.0120279672059	14466.8942498593	0.942931918141834
MIR4643	-11.9679273744472	12052.4861473195	0.938261059212679
DQ591448	-14.3648911346394	170772.948965735	0.99309367162226
CRISPR_DR35	-15.8048631311118	373252.16583646	0.997455563229254
MIR3145	-15.8048631311118	163866.804513568	0.994384064555996
DQ581726	-12.4801606865572	47889.8207506363	0.96788557304351
DQ586009	-12.4801606865572	49663.5178154747	0.968249064010759
MIR3918	-12.4801606865572	14418.4406561056	0.951964668677983
MIR3939	-11.5417792077394	6600.01209976211	0.910944713023881
MIR4644	-11.5137645855478	20378.4056020044	0.934371705863109
X07060	-13.4098513673124	11353.2347811727	0.956435607575152
MIR589	-12.9513210366726	18776.7588087673	0.964341536112828
DQ579268	-12.9151415841776	62512.2788726878	0.977572607320708
DQ594582	-12.9151415841776	60428.5362435982	0.977372687288721
MIR3146	-12.5572236083363	17905.0837585938	0.957780524153975
MIR196B	-12.0742858127837	12048.0495393267	0.940387481371088
MIR550B2	-14.2139169552152	45982.7895464812	0.982679655410563
MIR550A2	-14.3563635893013	50754.9229356357	0.984079095634473
DQ584906	-13.037441901834	182328.764687208	0.986223692341245
Y00482	-11.9676525355185	11823.0657227028	0.937970266438879
DQ573852	-13.1445100928428	68557.773097955	0.981171167896478
MIR4283-1	-13.9109355857886	113216.150820662	0.989277016466141
DQ580039	-11.6435582850717	37581.2357638481	0.945240085783868
MIR3914-1	-12.3119679419813	12053.8445522322	0.945458180364218
MIR3914-2	-12.3119679419813	12561.3748491683	0.946494129620879
MIR4284	-11.6460160460557	41667.0859530338	0.946675875104504
MIR548M	-14.3545555277328	57175.1284521746	0.985387663116572
Evf1_1	-13.2918638386424	13077.009698545	0.959634328086947
Evf1_2	-13.2832723658283	11303.789352175	0.95561775289884
MIR4467	-11.1806263555895	8644.71648864101	0.906219330449638
Mir_875	-14.7359027776745	256193.064302797	0.995492712006107
MIR3666	-14.7366433639794	57730.7693312348	0.986278215986333
JA429116	-12.2212529938702	76492.326350368	0.966922321980299
LOC100129148	11.6682923291592	11139.5550864983	0.928392279451856
TCRBV19S1P	15.0703648658975	392356.410283998	0.997182945003817
MIR597	-13.0541206560721	20579.4436010176	0.967340336592636
DQ595103	-10.6599297163349	50966.1361001004	0.909926938315583
MIR3148	-12.4637048709405	17216.9394234549	0.955145214641416
MIR486	-12.8068255446377	24731.1126168653	0.966831449238486
JA429246	-12.8078830178004	80140.4263581318	0.978263240158482
MIR4469	-12.8078830178004	21303.1513103895	0.964886772563702
MIR4470	-16.1177024939097	231818.372120301	0.995783504779906
MIR4661	-14.9464424239591	98815.9439452788	0.991039947657301
MIR378D2	-14.2156444385561	45568.1108860105	0.982588782668751
MIR599	-12.3009943811295	12466.1730855668	0.946221511395442
MIR875	-12.2989901894944	15561.0795925036	0.950456181163898
MIR1205	-11.0709751613737	8011.75526815897	0.900548871360547
MIR4540	-12.6115261174793	26704.8476760324	0.964105266984115
DQ574527	-10.8368599900318	13841.8855922487	0.902402675293519
DQ578098	-13.9062237478336	120120.042021757	0.98971320562684
MIR548Q	10.9098482353683	30481.9033613957	0.916269855694086
MIR3134	13.2267605855824	205329.316471642	0.988713605466904
MIR181A2HG	11.3022485156439	6485.37290316209	0.903166006324743
MIR3689F	-11.7600062476241	12331.6162488717	0.933481152993348
JA040725	20.257763583312	2544599.33141621	0.999836429064738
JA040723	19.7387308447381	1771185.74211599	0.999672858129475
AD	1	15.2276836469194	467854.893670145	0.997600959616154
cytochrome	b	16.5229662059341	264199.317271793	0.99654683581113
DD413549	-10.8004883977485	19018.6314417723	0.906364726836538
MIR532	-11.9609726513656	10281.0091837346	0.934517102250009
Mir_500	-13.119176068887	23730.5920320311	0.969957471556832
MIR500A	-13.0352825643081	23456.0335981691	0.968866998655083
MIR362	-12.3439105884859	18770.0309965044	0.954618152738904
MIR501	-12.4495796802798	23415.4889839092	0.959761549925484
MIR500B	-13.090205637688	25908.4955421493	0.970611755297881
MIR660	-13.090205637688	21100.7334827814	0.968140016720584
MIR502	-13.090205637688	23799.6645096488	0.969666678783032
JA611242	-14.5357823981802	278761.489242021	0.995547235651194
MIR4328	-14.2033744583004	79068.8179028907	0.987859401693868
Mir_361	-14.2033744583004	61497.9694800261	0.985660281342009
DQ580189	-14.2033744583004	158137.635805781	0.992330340591036
MIR514B	-12.0666489318851	12583.6485060385	0.941387081531024
MIR509-1	-12.0666489318851	13422.5584064411	0.942586601722947
MIR510	-12.0666489318851	13603.9443308525	0.942841045400022
MIR514A1	-12.0666489318851	10272.3661273784	0.936716222601868
MIR452	-13.8424364536616	60912.7027964469	0.984388062956636
