Name	MvalueInSignal	DvalueInSignal	ProbDiffExprn
ISG15	-10.6831652132022	54.7755513310872	0.976797609270919
TMEM53	-9.15907713259477	20.6349900421536	0.926548955196642
TMEM53.1	-9.15907713259477	34.5486244066763	0.951213614380874
CD53	9.98127768340237	52.7637284830843	0.972051282051282
CD53.1	9.98110583831535	52.9257767228575	0.972127018888585
S100A12	12.0633098952514	69.9258063107135	0.985471302126106
FCRL1.1	7.57588086008163	26.4903971636209	0.91111278401314
FCRL1.2	7.57588086008163	26.5159259755358	0.911162514827995
FCRL1.3	7.57588086008163	27.6159510076423	0.912876631079478
FCRL1.4	7.57588086008163	33.9687561982892	0.920492289442467
FCER1G	9.8603563334847	32.0687302355381	0.954919244456611
FCER1G.1	9.8603563334847	62.3441433197468	0.974821151564924
PTPRC.3	6.35380379337749	108.619252385148	0.900339903275846
PTPRC.4	6.35375712930064	197.531485728629	0.90325349028196
PTPRC.5	6.35375712930064	305.2759324897	0.90434939319281
PLXNA2	-10.6146169099256	21.449309998171	0.93853316908477
FZD8	-8.77628886177946	27.6794938023165	0.937111506524318
USP35	-9.10198044086111	17.3894811295901	0.915104936581805
USP35.2	-9.75472847017548	34.113357545133	0.956576329957113
SCARNA9	7.22166498028337	589.214120499603	0.936761565836299
MMP1	-10.2952971991743	14.7256502793802	0.911271557623871
ITGB7	9.83067008447439	17.1286391994257	0.920011862396204
OR6C2	18.8601506460414	3859.32475262049	0.999768227028013
IFNG	12.8528061902055	61.0675649617842	0.98346336344557
IL26	9.56189816500943	72.2654631794411	0.974781001916233
IL22	11.9532994249314	66.0078334604829	0.984252669039146
LYZ	10.1314114523177	20.8644783150685	0.934659184232138
LUM	11.8171189045554	12.9830872780559	0.904189250844055
DCN	8.34871532014127	17.4953493475052	0.905384159138608
DCN.1	8.34871532014127	18.865177524439	0.91005292453691
DCN.2	8.34871532014127	20.5596545475922	0.915114973993978
DCN.3	8.34871532014127	22.4592792114335	0.91989186969614
AHNAK2	-7.49951366565883	25.3067529025456	0.907130668856648
FLJ00382	9.11802226042622	17.8203795151077	0.916865589926088
IGHD.1	9.12127297362495	22.0052540081353	0.929806551692673
ADPGK.5	11.5307466215131	40.4675271082484	0.970681631535724
LOC100287559	10.4536594437303	16.6169741134538	0.920973628980746
SCAMP2	-10.0802536405528	12.9949736724963	0.900106761565836
SCAMP2.1	-8.96736300971975	25.8577530251269	0.936463637193175
ZNF319	6.8052992364056	130.653155883774	0.919036408431426
CCL3L3	-11.4167246196309	15.2865219367965	0.917121543936491
CCL3L1	-11.4167246196309	18.2525635066227	0.930147367460535
BC037494	10.7225849513529	14.1866144600007	0.909789670590382
ICAM2	-10.6019724795251	16.4180779781653	0.920654713021261
ICAM2.1	-9.57849971471552	21.0814584742373	0.931726434893695
ICAM2.2	-9.57849971471552	21.6789087143979	0.933377132950087
ICAM2.3	-9.57849971471552	23.2206871312068	0.93718952459166
CCL3L3.1	-11.525625615878	16.4855220372515	0.923062323204672
CCL3L1.1	-11.525625615878	19.6842054176138	0.935353590656082
BSG	-6.49799063897757	68.6568342295289	0.901633816954102
BSG.2	-6.49795432315303	65.9105217513994	0.901066246920339
AES.1	-9.20542144829784	24.4122975500034	0.936356875627338
AES.2	-9.20542144829784	24.4557873912445	0.936453143534994
AES.3	-9.19123361436052	23.5258341678507	0.934149557441372
SLC25A23	-10.6555087951314	120.68482854362	0.988631718222466
SLC25A23.2	-10.6555087951314	117.957487785572	0.988418195090793
FCER2	10.3129486650684	48.4733540187108	0.971925358153116
FCER2.1	10.3129486650684	48.3539615211278	0.9718546400219
LOC284454	-6.46930649557447	69.3195521533614	0.900558445113605
UCA1	-7.23230660841431	72.8336509603711	0.927784013139885
GMFG	8.90679373191717	42.5741271279312	0.954893238434164
GMFG.1	8.90679373191717	65.8193478743388	0.965075736837303
RRAS	-9.58815220266654	16.1349184571286	0.914140432521215
RSAD2	-10.9620317454588	20.8960423522655	0.938002554977644
AK128525	12.3023390423734	52.0320305818436	0.979242631626973
Ig	kappa	11.9147536517029	146.311938361955	0.993584268637649
CXCR4	8.48950743221886	42.7046415349803	0.948139885026006
CXCR4.1	8.35015942931155	48.2869997109205	0.948701523861666
PIGP.1	-9.8952474454863	13.9337377383642	0.904870426133771
TUBGCP6.2	10.5133061202367	18.3020579380666	0.927965599051008
MIR16-2	11.0579966220083	200.357991301212	0.993118897709645
SCARNA7	9.83366165174338	57.9698511100556	0.972996167533534
BC034630	10.4757721618494	13.7529895372439	0.906456793503057
CD180	10.3614060591149	23.6174476671858	0.942988411351401
C5orf32	-6.90152068984256	37.1961332751798	0.903186878364814
NR3C1.9	-8.33062104202746	18.4672958950197	0.908452869787389
FAM65B	7.88036564916436	27.2894023350932	0.919697965142805
FAM65B.1	9.58354363455637	55.4025522924457	0.969825714025002
TRAM2.1	-9.2590632447215	22.8445435882042	0.933426863764942
SNORA29	8.53237101450961	20.0864776362453	0.916748790948079
ELMO1	7.19935837954126	33.9839959305209	0.909873163609818
ELMO1.1	7.19935837954126	32.655927567069	0.908552787663108
IKZF1.4	7.15747562709374	38.7900780972172	0.912824162788576
DQ575984	10.3157859642856	375.699837010696	0.991382425403778
DQ574659.1	10.1632938634167	363.927356067545	0.990293366183046
DQ584609	8.63338365143466	415.231715331366	0.971897983392645
DQ599872.4	10.3157859642856	388.223164911053	0.991425312528515
C7orf49.1	-9.4333862658806	14.7994256645264	0.906459074733096
C7orf49.5	-9.36377949958557	14.8930542466976	0.906339082033032
CLEC5A.1	8.54521639252065	32.3905607116888	0.939919244456611
SNORD54	9.01709459865584	62.5090805913516	0.965746874714846
DQ587539.7	9.59585505496229	196.184239989676	0.983837028925997
DQ590589.9	9.59585505496229	210.197399988938	0.984117163974815
DQ588135	8.87579861220857	118.99854444845	0.971683091522949
DQ587539.9	8.87445885450063	118.887852199025	0.971510174285975
DQ587119	8.3504675402114	137.22022818662	0.962883931015604
BC064148	11.4914458528931	15.4190779194816	0.917895793411808
PTGES2.1	-8.17603509298478	17.9984170838907	0.904275937585546
PTGES2.2	-8.17603509298478	19.0790192716259	0.907798156766128
VENTXP1	13.9541680507344	102.008422557829	0.991760197098275
P2RY10	10.2150530762441	25.4992545196621	0.946446756090884
P2RY10.1	10.2150530762441	28.4151907125002	0.951869696140159
AKR7A2.1	-10.1689102334943	15.2660144484966	0.913458344739484
CDA.2	-8.05246325491887	29.9951202509789	0.92733780454421
TMEM53.2	-9.20396409493914	21.0981610158229	0.928279952550415
TTC39A.5	8.34312136327627	16.3935717075362	0.900921616935852
CDK2AP2.1	-9.8430695515404	16.3319633762502	0.916642485628251
ITGB7.1	9.90596214240142	17.2876851836625	0.921188064604435
MDM2.6	7.49284009030014	109.306561570303	0.93985172004745
IRF9.1	-10.095334159434	16.750446651298	0.919931106852815
KIAA0247.1	6.33464497370582	129.083659698103	0.900688475225842
DQ577714	-8.16663731322926	57.4519799064319	0.948854822520303
SREBF1.6	9.17439738864135	21.760798406465	0.92973081485537
ICAM2.4	-9.57849971471552	19.8028493064212	0.927891230951729
SLC25A23.4	-10.6555087951314	77.042344420835	0.98340405146455
CEACAM1.8	-9.24373265989288	55.8338492875122	0.966293913678255
CEACAM1.10	-9.55731481183237	42.9763787140961	0.962945980472671
ARHGAP25.3	8.87533726529808	47.6446545260167	0.957536727803632
CXCR4.2	8.35015942931155	54.9853983240179	0.951667579158682
SAMSN1.2	8.54432282971291	28.474008610289	0.934562916324482
TUBGCP6.5	10.907564577432	51.4618916309688	0.976186695866411
SMA.1	7.84046134854306	19.2824454410491	0.901505611825897
TCF7.9	-8.60458341487907	52.0625995097212	0.955186148371202
TNIP1.11	-7.75529523996774	35.7069786321853	0.926836846427594
IKZF1.6	7.15747562709375	345.058008148379	0.934320649694315
CLEC5A.2	8.54521639252065	40.5912243015438	0.947745232229218
CLEC5A.3	8.54521639252065	20.5174934411662	0.918294096176658
DOCK8.6	7.92040186532787	43.5114883682523	0.936679897800894
MORN1.3	-10.1402395879089	13.4201916008261	0.903119353955653
TMEM53.3	-10.1722927182583	34.0730379531358	0.959429236244183
CD53.2	9.98110583831535	84.8870953170089	0.980789305593576
ECM1.4	-10.5270719587589	13.3913125150012	0.904464823432795
FCRL5.3	10.0341774771487	13.6387140252763	0.903900447121088
FCRL5.4	10.0341774771487	16.1641877663974	0.917028013504882
USP35.4	-9.10198044086111	19.7581751303327	0.923269915138243
MMP1.1	-10.2952971991743	16.1030363801314	0.918071904370837
ITGB7.2	9.83067008447439	26.0325543074378	0.945129117620221
OR10A7	18.8602803862421	3810.96935066674	0.999765033305959
OR6C74	18.8602803862421	3859.67183438133	0.999768227028013
OR6C6	18.8602803862421	3835.16598146463	0.999766402043982
OR6C1	18.8602803862421	3859.67183438133	0.999768227028013
OR6C3	18.860280888972	3872.0439267178	0.999769139520029
OR6C75	18.8602797252957	3859.67006613454	0.999768227028013
OR6C65	18.8602797252957	3859.67006613454	0.999768227028013
OR6C76	18.8601500641508	3859.32319601371	0.999768227028013
OR6C70	18.8601493876122	3859.32138621618	0.999768227028013
OR6C68	18.8601493876122	3859.32138621618	0.999768227028013
OR6C4	18.8601487266059	3896.66787233683	0.999773701980108
OR10P1	18.8601487266059	3847.02879116057	0.999768227028013
IL22.1	11.9532994249314	109.726065187209	0.991367369285519
ICAM2.5	-9.64744406754032	17.8300098472802	0.921539374030477
SLC25A23.5	-9.66219240675975	17.2831651774569	0.91954010402409
FCER2.3	10.3129486650684	40.6874785027521	0.966694041427138
ARHGAP25.5	8.99260627255234	114.798558952929	0.973110685281504
ARHGAP25.6	8.87533726529808	49.6161574719208	0.958569668765398
MIR15B	11.0578667417452	165.587098384014	0.99223195547039
FAM65B.2	7.80043927137115	45.9295103533985	0.935043799616753
ELMO1.4	7.19935837954126	33.6744535993845	0.909567022538553
ELMO1.5	6.76484518529321	52.3081734895975	0.906682635276941
IKZF1.7	7.12195185650246	42.5713461598437	0.914107126562643
DQ584971.1	8.71982180071858	375.103063970739	0.973431426225021
CLEC5A.4	8.54521639252065	54.913429089524	0.955484989506342
DQ573253	8.87445885450063	122.987433309336	0.971775253216534
DQ593719	8.87445885450063	137.178290998875	0.972471484624509
DQ582260.4	8.87400536766263	132.056008777155	0.972237430422484
DQ579969.2	8.87400536766263	137.135086037815	0.972470572132494
DQ570938.2	8.87534554637142	137.262807864075	0.972640295647413
DQ593430	8.87400536766263	115.016523773651	0.9712441828634
DQ581988	11.471116704484	961.20497769649	0.997016151108678
DQ582260.5	11.7351296226997	961.261619539276	0.997605620950817
DQ584320	11.7351296226997	961.261619539276	0.997605620950817
DQ593554	11.7351296226997	894.967714743463	0.997563646318095
LOC100499484	7.67335910564607	32.4328931408572	0.921277488821973
LOC388312	-9.08292625934329	184.576219070206	0.977196368281778
U6.4	11.0291748941095	151.503292743061	0.991634729446117
G0S2.1	-7.31985968859752	67.4118115844119	0.92947851081303
Mir_544.7	10.7339197268147	139.380025867807	0.989970800255498
Mir_544.8	10.6186496012871	127.045805113792	0.988820604069714
DM376721	-6.71744876630364	51.5220549293432	0.904975362715576
DQ600312	-7.88457730163954	64.8892623705129	0.944307874806095
U6.31	10.4418689274065	104.806642593123	0.986173920978191
SNORA70G	10.6631236944747	463.348975736131	0.993538644036865
LOC100507250	9.57044966229193	37.8471289162763	0.958960671594124
MIR4500	8.86275881547469	46.549554600754	0.956605529701615
GPR183.1	10.3618815369495	22.1832551874141	0.93948717948718
TCRA.52	7.85226782495376	26.5489598920762	0.917768500775618
KIAA0855	8.20507306321331	518.481838937964	0.963548681449037
FAH.5	-7.48779074070697	26.0600496169204	0.908137147549959
IGH.9	10.5691978977652	27.997313728007	0.952794963044073
JA682656	10.5715273907686	526.435833795369	0.993204215713112
Y_RNA.34	8.9964344465634	40.8628464670433	0.954968519025459
MIR4719	8.33435903347206	29.1723842386787	0.931874258600237
DQ574721	-8.99252201860492	146.70873908912	0.974751345925723
JA429504.1	-6.49803776838079	1065.17834661255	0.911514280500046
AF086346	-9.44321522833511	50.0807746022456	0.965965872798613
MIR4315-1	-8.1523629284987	26.8079678504933	0.924714846245095
FLJ40194.1	10.1238068396916	22.9812635015504	0.94026279770052
MIR133A1	11.5069224080897	251.769801610922	0.995285610000913
MIR1-2	10.7108906642589	260.589823521475	0.992665845423852
BSG.4	-6.49799063897757	62.026303355032	0.900135961310339
FCER2.4	10.5508380506252	52.7779487699255	0.975320740943517
MIR4774	8.32277234334365	31.9844431463925	0.935290628706999
TRNA.42	11.4691843421564	232.080747724276	0.99490464458436
TRNA_Tyr.6	11.4691843421564	232.080747724276	0.99490464458436
DQ588114	-6.45657561802254	378.984166439064	0.909128570125011
TRNA_Sup.2	10.8055273436103	191.864018568986	0.991977370198011
MIR3921	8.72186146821151	37.7398306202142	0.948304589834839
DM119508.1	11.0579966220083	737.681695245373	0.995604982206406
U7.22	11.0578667417452	235.1816759657	0.993728898622137
Mir_562.8	11.0608811569997	157.878576440846	0.991988776348207
Y_RNA.65	8.40437956712275	26.7992226943548	0.929426042522128
MIR4278	9.11883898349031	61.2519427231267	0.966725066155671
GAPT.1	10.9425937062575	31.6050611444243	0.959614928369377
MIR4634	11.6068372079732	591.131274907659	0.996987863856191
LOC388312.2	-9.67674206381785	209.810181745814	0.984839401405238
TRNA_Ala.28	-8.15303398015921	21.9030359759312	0.914859932475591
PMSP	-9.1645987855574	14.5069745801894	0.90263892690939
SNORD112.13	10.4798884929034	153.075254449133	0.989270462633452
DQ593490.3	10.5797988825012	388.27414256956	0.992896705903823
C7orf49.6	-9.34774684363518	13.7970107166233	0.900444383611643
C7orf49.7	-9.34774684363518	15.6325779318466	0.909869057395748
JH8	7.7592747674668	84.8671306496598	0.944875444839858
DQ590442	9.59585505496229	196.184239989676	0.983837028925997
DQ596206.4	9.59585505496229	226.366430757318	0.984374030477233
DQ590943	8.87445885450063	127.379841641813	0.97200291997445
DQ586768.6	8.87400536766263	137.135086037815	0.972470572132494
DQ581981	8.87400536766263	137.135086037815	0.972470572132494
DQ593719.3	11.7351296226997	998.233220290786	0.997624327037138
DQ587539.25	11.7351296226997	865.135457585348	0.997546308969797
DQ596206.5	11.7351296226997	998.233220290786	0.997624327037138
ZBTB6.1	-11.3550032074177	13.9349717074901	0.909608540925267
JA668106.3	7.44479030157036	65.9602093712128	0.932683639018159
JA660597.1	-7.82417112632984	7618.48682003154	0.954950725431152
