Name	MvalueInSignal	DvalueInSignal	ProbDiffExprn
ISG15	15.9726391983626	1465.26481154495	0.994859405652837
ANKRD65	12.5141431276992	50.3652396432396	0.923635835210347
C1orf86	10.7224081351547	84.2688642620166	0.915225604882656
FAM213B	15.481968598273	62.7704330704817	0.936332921601395
FLJ42875	13.6361854135722	59.4018849893361	0.933081450265204
TP73	11.0003893129643	326.999682022169	0.947595001089879
CCDC27	14.71380731988	771.705472451877	0.99066337281116
LOC388588	17.3031888622695	3021.06977858237	0.998038218411683
C1orf211	13.3418633236317	45.5340763427472	0.918313594419821
CNKSR1	12.6938614673113	65.3045920062585	0.936914190220156
AL050085	11.7338869616932	39.4865593080364	0.90456295865727
IFI6	12.136887654842	118.31110317147	0.954697377025358
SERINC2	12.7052657103803	218.644965656263	0.97204461236649
AK025726	16.475241057641	1090.24786212718	0.993497057327618
HYI	11.3678031956278	1352.09806767738	0.968920293540652
ATPAF1-AS1	11.3688826111234	44.3393957432902	0.907124173508683
LDLRAD1	12.7762522498161	81.6982914142718	0.947377025357844
TMEM61	11.7571730878755	77.9538652875475	0.936896025575819
BSND	12.7565707093027	62.6363552707171	0.935224878296883
MIR101-1	12.1426202000966	235.204447115979	0.967830414880477
S1PR1	11.2686239198218	41.1618520735875	0.901438639831432
CHI3L2	13.0331552949236	50.5509185802856	0.924580396715832
LOC100506343	11.6725493834215	39.9545572296461	0.904799099033641
C1orf54	11.7198120847279	37.2044706124346	0.9006212308363
ECM1	13.7122142097163	68.3208419900829	0.940383637288382
ADAMTSL4	11.830653407134	39.8051136080637	0.905816319116472
TNFAIP8L2	13.1048854266942	67.1745095781252	0.939039453607498
LCE5A	13.9273908143196	74.226770208749	0.944270871176342
CRCT1	14.2190848325124	106.458671400192	0.958366635181283
LCE2A	11.3824248688475	41.2169903293608	0.903527573930102
LCE4A	12.6108720141065	62.9012873872415	0.935115890430865
S100A4	10.1627649632747	403.508530405676	0.918985686260263
EFNA4	11.7759711275837	59.8445083918584	0.92663300152583
EFNA1	11.1540458593022	54.7325272495664	0.912391920366199
MUC1	14.0950908354356	110.243323062392	0.95940201990845
C1orf85	12.6074292151751	138.286752551978	0.963107607353048
ETV3	11.331839428627	90.6967476826505	0.934334810724406
CYCSP52	12.6628874725441	191.244818286	0.969937513623483
C1orf192	12.8367657244895	57.2443289441224	0.930520235413791
RGS4	14.9065879422673	53.4586500450092	0.927904526629369
GPR161	11.6457886373669	62.118557074095	0.926505849015476
DQ571986	13.429856903297	1435.28815162464	0.992243696868415
DQ595741	13.4304685675095	1389.57760615183	0.992134709002398
DQ577099	12.1146232009689	576.707658146664	0.977021724914626
DQ578106	11.5685686231021	394.940654958148	0.963906851703844
DQ576856	11.0117505780696	277.695465137589	0.945923853810942
DQ590691	10.067130099746	139.409316807604	0.901420475187096
DQ591798	11.8017575209049	464.248000590076	0.970173653999855
RGS13	12.6368691229868	41.8387809303084	0.912246603211509
CYB5R1	10.2767145319181	130.879271184527	0.909267601540362
MYOG	14.2390895981595	43.2647387055224	0.91506212308363
IKBKE	11.9669038397925	105.462914606009	0.949320642301824
AX229788	12.7052091006826	243.506282244529	0.973606771779409
C1orf133	12.6280872412426	46.9270927645778	0.919494296301678
DQ576410	11.1118144797557	319.697586929701	0.950592167405362
DQ575010	10.0922447062285	146.751415330496	0.903109787110368
OTUD1	10.9061641045311	71.7739061410277	0.916061178522125
MAP3K8	10.677920070029	58.8031771560102	0.902201554893555
LYZL2	11.602754985424	290.856729853565	0.961381966141103
ZNF32	10.5943374851445	69.1611542743088	0.904199665770544
DQ588224	9.64762906585908	1409.09641790017	0.900385090459929
DKK1	11.1404758051146	70.5186838043549	0.921637724333358
DQ574810	10.2566710208566	159.000754934563	0.91233742643319
LIPF	12.2783097995168	59.0904942337008	0.930338588970428
KIF11	-13.8365235450795	56.8972756722205	0.930847199011843
TM9SF3	-14.2907721097909	64.7632876882913	0.937531788127588
SMC3	-11.0216814131612	61.6402294343102	0.913536292959384
EIF3A	-11.1576538449851	50.0251001405287	0.909140449030008
INPP5A	-12.943891178796	53.205981020694	0.927141611567246
NKX6-2	13.4488922057512	42.8170639309828	0.914226549444162
C10orf93	11.0465602022485	44.6240834487408	0.90076654799099
TH	13.9974114006454	48.3697605914691	0.922346145462472
OR2AG2	14.2176102626453	78.1688616771726	0.94661411029572
SBF2	-13.6267497943153	47.1157801352169	0.9204570224515
MTRNR2L8	-18.851109504449	164604.422694145	0.99985468284531
COPB1	-13.0120248177394	46.9569230927324	0.919984741698758
RCN1	-11.6580419705491	63.6930847621358	0.927486739809634
DQ592438	10.2364767171769	146.989517223601	0.90995785802514
PSMC3	-11.7900833062296	43.4145614378371	0.910811596308944
PRG2	-11.9631871088475	48.3825286925047	0.918622393373538
AB231721	12.7368731634049	129.919198126085	0.962144881203226
FTH1	-13.8633950996277	332.063329914633	0.981163263823294
DQ593252	-12.0920514880404	3207.5602148829	0.985795248129042
AB231703	12.0208374007718	74.7099285532518	0.938785148586791
CCS	10.64062813649	59.8551305017412	0.901256993388069
RSF1	-11.2696764826118	56.81328957264	0.916079343166461
C11orf67	-10.4108268433463	246.956198650978	0.924126280607426
AB231784	11.734094390298	79.5756785861585	0.937204824529536
MMP12	11.6728101086503	55.702689696573	0.922091840441764
CARD16	12.7070272638698	80.6439115359868	0.946686768873065
AL833634	13.3310686724604	86.9366330378147	0.950882801714742
MIRLET7A2	13.170666154239	499.684550536895	0.983633655453026
BC031979	11.6841154004767	42.806727533768	0.908995131875318
GAPDH	-11.0650833128715	50.5148159234535	0.907269490663373
C12orf39	14.9254560396025	90.0106723918258	0.952917241880404
HOXC13	12.7135239486505	74.2095487559206	0.943053840005813
HOXC11	12.3444649587625	39.9422685509264	0.908613674344256
OR6C2	-15.3221755879785	10860.3436512431	0.999037273850178
SUOX	10.6550279917988	83.8972377479417	0.912900530407615
RPL41	-12.3450270002704	686.822236459027	0.981944343529754
ATP5B	-11.9938752382499	43.5678045570379	0.912537237520889
MBD6	13.661988130546	58.4011616110752	0.932209547337063
AY387666	-11.6140545499019	81.8561313123366	0.936278427668386
BC044741	10.360326523935	88.2641212506921	0.903563903218775
UBE2N	-12.147591266681	43.4209396594961	0.913336481871685
SNRPF	-11.1204422628502	54.7802978113765	0.911665334592749
SLC25A3	-12.7329108669925	62.3191275720531	0.935006902564848
LINC00173	10.9807454541973	70.418608768371	0.917568844002034
AK055957	13.857249748596	48.4580162142925	0.922491462617162
BC048997	13.3623483294548	58.283717741727	0.931918913027683
C1QTNF9B-AS1	14.1536314003786	229.016818434239	0.976313303785512
C1QTNF9B	13.0303197256375	170.13915648898	0.969301751071714
PABPC3	-10.699439385654	103.251580737381	0.919839424544067
POMP	-11.5110311881544	67.2807841416712	0.927795538763351
C13orf33	12.4299914477858	95.5729441604187	0.951445905689167
DQ594776	10.4710224848598	190.852438512528	0.923127225168931
AK097816	11.7284209680115	90.139030077358	0.941455351304221
DQ591735	10.5203770604264	220.287507259907	0.926723824747511
RNASE10	13.5505383023892	39.94520204436	0.909576400494078
RPGRIP1	11.1554252728173	87.1359049429388	0.929248710310252
PNN	-13.0345882403124	86.5982415076947	0.950356027028991
RPL36AL	-11.0413578201355	361.06613368825	0.949520453389523
GPX2	12.9447778755646	41.5235780467539	0.912137615345492
SNORA79	11.0257924973227	3237.83975092002	0.961599941873138
BC040628	14.1092734900327	58.145380858519	0.932064230182373
DQ587983	11.638027575471	388.525090099308	0.964942236431011
DQ574857	12.0001675731365	499.4181597393	0.974024558599143
CALM1	-11.240146918101	56.8895878532935	0.915607062413718
SNORD114-3	11.1033150539507	1055.77421905267	0.960491898568626
SNORD114-4	11.1033150539507	751.223963556707	0.958402964469956
SNORD114-5	11.1216287761884	1146.75106626808	0.961309307563758
SNORD114-6	11.1216287761884	1114.44821933095	0.96120031969774
SNORD114-12	11.5484270375589	1437.52543277326	0.973243478892683
SNORD114-13	11.2350179488069	1457.09947285554	0.965650657560125
SNORD114-14	11.5484270375589	1437.52543277326	0.973243478892683
DYNC1H1	-14.0202572315553	54.029132987476	0.928413136670784
HSP90AA1	-12.3647697253907	294.849518476712	0.973661265712417
ANKRD9	13.9073134937445	36.8705535480799	0.904018019327182
BC017818	11.6050293106162	39.9722728578117	0.904235995059217
MGC23270	14.1197857895497	104.579569661883	0.957839860495531
PLD4	14.2605589333884	152.63580808014	0.969011116762334
immunoglobulin	epsilon	chain	constant...	11.4709758479836	192.57366187509	0.953498510499164
Ig	alpha	1-[alpha]2m	11.5947517628909	89.0435959515696	0.939003124318826
epsilon	IgE	13.0044704536176	148.435925567778	0.966486231199593
IGHCgamma1	11.7744586060917	47.3000881657954	0.915534403836373
OR4N3P	12.9039225430158	49.5396296663647	0.923254377679285
DQ588973	15.499593432055	6456.32053046896	0.998982779917169
DQ595055	12.7139527045723	5648.56155250147	0.993151929085229
SNORD116-4	13.146776712017	361.085556994616	0.980055220518782
SNORD116-11	11.0504751334296	127.40456229833	0.935115890430865
SNORD116-12	11.0504751334296	127.40456229833	0.935115890430865
SNORD116-15	10.7732000139848	105.117116385198	0.922255322240791
SNORD116-16	10.7732000139848	105.117116385198	0.922255322240791
SNORD116-19	10.8257204757691	109.016579018566	0.925161665334593
SNORD116-20	11.3594985856087	109.035164945049	0.939802368669621
SNORD116-22	11.3594985856087	109.035164945049	0.939802368669621
SNORD115-10	10.9338668514702	93.0456174719237	0.924616726004505
SNORD115-11	12.6876734762542	834.004055365207	0.986140376371431
SNORD115-17	11.4682299036481	134.779542514205	0.947340696069171
SNORD115-44	10.587969179956	73.1998451757325	0.90621594129187
FLJ00278	11.4281937910591	1508.18062544705	0.970627770108261
BC031952	11.6356920508961	140.628336940595	0.951100777446778
CHAC1	11.3219473941041	53.6449895172137	0.915171110949648
DQ586540	-10.8044956711009	1222.9374601805	0.950791978493061
SNORD18B	11.0263871863045	116.218944753547	0.932227711981399
SNORD18A	10.2360668952889	157.40345815027	0.91132020635036
STOML1	13.0332176112619	41.0676189322057	0.911247547773015
COX5A	-11.226519279236	65.4431980830377	0.920892973915571
DQ572823	11.7902586857623	476.442868605732	0.97010099542251
DQ581594	12.3299378234582	2767.94093543705	0.988610768001163
SEC11A	-13.6269040567539	179.400101575505	0.971572331613747
DQ598122	11.1696949470656	299.511391823608	0.951863692508901
DQ596488	11.1696949470656	299.511391823608	0.951863692508901
DQ596667	10.6532613441391	209.348644314595	0.930556564702463
DQ576504	10.6525357442396	209.243314002085	0.930538400058127
DQ588655	10.7288649674814	220.618987753222	0.934225822858388
DQ582158	10.9739151827022	280.164802507829	0.945288091259173
DQ599802	10.9739151827022	261.487149007307	0.944488846908378
DQ583486	11.1656321291579	289.034273538894	0.951518564266512
DQ580504	11.1656321291579	298.668749323524	0.951845527864564
DQ586639	11.1656321291579	308.967671713991	0.952136162173945
DQ580783	11.1656321291579	280.001952490804	0.95099178958076
DQ590038	11.1656321291579	308.967671713991	0.952136162173945
DQ599537	11.1149112239249	298.289357273268	0.949974569497929
DQ591781	10.1424489197821	142.149453866953	0.904599287945942
DQ580421	10.3036446562235	164.267270560089	0.914462689820533
DQ573962	10.3036446562235	164.267270560089	0.914462689820533
DQ578058	12.0489556882194	590.400190820091	0.976295139141176
DQ571124	12.0489556882194	516.60016696758	0.975150766547991
DQ586064	12.034268903871	527.862262776478	0.975096272614982
DQ592588	12.034268903871	564.266556761062	0.97564121194507
DQ582013	12.034268903871	511.366567064713	0.974769309016929
DQ595590	12.034268903871	527.862262776478	0.975096272614982
DQ571165	12.034268903871	545.457671535694	0.975386906924362
DQ601182	12.034268903871	564.266556761062	0.97564121194507
DQ597539	12.7121898018661	844.566728231523	0.986431010680811
DQ593624	11.9967412708004	531.448739971793	0.974551333284894
DQ593864	11.9967412708004	514.305232230768	0.974169875753833
DQ575740	12.152405098148	657.792966294831	0.978965341858606
DQ582460	12.1379619825938	606.326040170439	0.978038944997457
DQ593630	12.9770574617621	1084.77990455016	0.989373683063286
DQ588439	14.5849924553977	3196.62163742571	0.997475114437259
DQ597703	14.5849924553977	3093.50481041198	0.997438785148587
DQ586526	12.7811958209359	947.051440743292	0.987575383273996
DQ593627	10.8266658395279	244.244010716141	0.938875971808472
DQ586138	10.8266658395279	252.967011098861	0.939348252561215
DQ586246	11.3266706174628	333.954404014551	0.95687713434571
DQ579816	11.3266706174628	345.470073118501	0.957095110077745
DQ591415	11.6569638206322	434.383385196355	0.966667877642956
DQ576999	12.7811958209359	980.874706484124	0.987793359006031
DQ588406	12.777706344211	913.271122822461	0.987266584320279
DQ601306	11.6695708443249	438.197068925184	0.967121993751362
DQ588329	11.6695708443249	423.590499961012	0.966631548354283
DQ576947	11.5347108454907	385.776917769732	0.963053113420039
DQ576544	13.1687644143598	1159.0286773557	0.990245585991426
DQ596816	13.1687644143598	1197.66296660089	0.990445397079125
OR4F4	13.1687644143598	39.139312634016	0.908123228947177
HBA2	11.5876730198995	45.228796217411	0.911265712417351
HBQ1	12.7833517512074	42.1218539103133	0.912864201118942
FAM195A	11.1533887390258	68.0163871400415	0.920529681028845
WDR90	13.1084787979315	73.693093219502	0.943526120758556
C16orf59	13.7905976414654	39.7909238415963	0.909412918695052
DQ587956	11.345200109734	362.435300172303	0.958275811959602
ARL6IP1	-10.5592372452589	81.0393683952428	0.90845019254523
AF086126	12.7706214380027	112.478534859824	0.958166824093584
DQ598207	10.4190664802805	172.219559212701	0.919566954879024
DQ590011	10.4190664802805	177.960211186458	0.919948412410085
DQ583840	12.2987055073874	634.075990811289	0.980709147714888
DQ595581	12.2987055073874	677.805369487929	0.981308580977984
DQ573186	12.2987055073874	634.075990811289	0.980709147714888
MIR138-2	12.2455661630115	225.54019173457	0.968411683499237
CSNK2A2	-11.4337807972096	66.7069924708557	0.925870086463707
TERF2IP	-10.9531362119102	47.8423855938161	0.902437695269927
DYNLRB2	10.7473475236757	71.7538562928065	0.910993242752307
SNORD91B	10.9594455374155	211.599490363216	0.941564339170239
ALOX15	11.543298637719	46.8597216026177	0.912609896098234
PFN1	-11.6428033840677	259.733016904967	0.96047373392429
DQ571776	11.904923682622	1419.532641503	0.979401293322677
MTRNR2L1	-12.7327196992317	1324.58996069619	0.989210201264259
DQ581615	11.9034322614661	1418.0655407216	0.979401293322677
AATF	-13.7898583230867	129.37142660111	0.964288309234905
ORMDL3	12.0445601185798	36.1798763913026	0.900421419748601
LEPREL4	11.4384986771689	54.1716283616924	0.917877642955751
C17orf69	11.4888983894538	74.5792590458912	0.931264985831577
BC031827	14.0718401492469	80.1838094957064	0.947758482888905
ANKFN1	-11.0577615790661	79.8682681536371	0.923236213034949
BC037494	-11.0077113964387	137.610747456647	0.935533677250599
CSH1	13.2099110302334	39.5819049063229	0.908831650076292
KIF19	12.0442796245674	64.0610574352108	0.93251834629078
BTBD17	15.8785853877791	140.101011439845	0.966776865508973
GPRC5C	11.6386974309257	98.3810402742173	0.942454406742716
DQ570973	11.9195291012225	503.746867781524	0.972407905253215
DQ574804	10.9563836891458	258.327239631992	0.944252706532006
NDC80	-12.6588549266281	58.0764454354512	0.93101068081087
DQ576414	13.0703318654575	1082.57925698515	0.989682482017002
SEH1L	-12.8817943033575	42.6224735811085	0.913899585846109
SNRPD1	-11.6923432597843	40.6704633862958	0.905852648405144
BC038429	11.2866873027258	51.990115328524	0.913154835428322
DQ574670	11.206743346152	288.099220265051	0.952572113638015
MADCAM1	12.1908898745889	48.7755801563542	0.920729492116544
IZUMO4	13.8076082441713	54.8508969516203	0.929194216377243
FUT3	13.1853505330784	99.0480751502536	0.955351304221463
DKFZp547H118	-13.7931146654004	226.572598421211	0.975877352321442
ICAM3	12.3514736479482	127.202253881408	0.959202208820751
ELOF1	-11.0216771016494	105.753785795409	0.930066119305384
ZNF69	-11.4778829617303	41.9429465671648	0.906070624137179
STX10	11.8086249741216	80.4089523040297	0.938930465741481
OR10H2	13.8825423352144	57.2700382322167	0.931083339388215
DQ601165	11.1752627054939	290.970992188282	0.951827363220228
DQ589586	11.1752627054939	300.670025261224	0.952099832885272
DQ597063	11.1752627054939	300.670025261224	0.952099832885272
DQ592694	10.2159957234875	159.907119112883	0.910738937731599
DQ600374	10.4087907032959	176.696247436331	0.919548790234687
DQ592014	10.4087907032959	176.696247436331	0.919548790234687
LRRC25	14.1231943119801	57.3078943524486	0.931119668676887
DQ584913	11.2577310670981	318.365517762993	0.95444307200465
DQ595898	11.2620187383314	309.01305539573	0.95415243769527
DQ589342	10.1731287647904	160.765369683394	0.908704497565938
DQ590656	10.1731287647904	150.047678371168	0.907451137106735
DQ584258	10.1731287647904	150.047678371168	0.907451137106735
DQ596454	11.2409345900841	304.528022733991	0.953607498365182
DQ576791	11.2409345900841	314.678956825124	0.953898132674562
DQ589720	11.7809931703256	528.014066425284	0.970791251907288
BC040412	11.6818878313662	73.2473580043768	0.933499237084938
DQ583499	11.727219128305	456.066901254557	0.968575165298263
DQ571149	11.727219128305	413.310629261942	0.96737629877207
DQ574292	11.727219128305	440.864671212738	0.968193707767202
DQ600156	11.727219128305	489.84963468082	0.969156433917024
DQ588170	11.7147604818422	437.072779962359	0.967921238102158
DQ593116	12.5321926324702	770.337888745673	0.984741698757538
DQ585741	11.712325423196	436.335467774786	0.967903073457822
DQ572701	11.712325423196	451.381518387709	0.968266366344547
DQ574380	11.6649010861431	408.601166998427	0.965886797936496
DQ582882	12.9034898175613	964.337486812044	0.988229310470101
DQ595116	12.9034898175613	996.482069705779	0.988374627624791
DQ578267	12.9034898175613	964.337486812044	0.988229310470101
COX6B1	-11.4079067190158	91.3435948312672	0.936369250890068
U2AF1L4	12.9353454391378	181.520744525453	0.970028336845165
PSENEN	11.875645184626	298.515126687586	0.966595219065611
KCNN4	-12.1238068364226	39.5231947532844	0.907269490663373
CEACAM19	10.7175259545725	160.89623194379	0.929612003196977
IGFL1	12.6045437935743	83.7334920584489	0.947994623265277
FTL	-12.3546062211875	101.722625875502	0.953189711545448
RPL13A	-12.5890415930449	107.031201764148	0.955987066773233
RPS11	-11.0462319968726	65.4261829293992	0.91613383709947
FAM71E1	13.0310168933266	169.442148469329	0.969192763205696
CLDND2	12.0507200586975	62.8858161695214	0.931991571605028
SIGLEC8	14.313229963735	41.557933268687	0.912410085010535
SIGLEC12	11.4745414711087	57.9798273976826	0.920929303204243
GALP	11.2537579636887	60.9255105443705	0.918713216595219
YWHAQ	-11.5288898116726	67.9972574423974	0.92843130131512
POMC	11.3397830684584	79.7033376879517	0.930393082903437
RAB10	-12.124775862705	99.8223326741209	0.950247039162973
PPM1G	-11.8125888695108	56.8732441440725	0.924562232071496
FTH1P3	-11.7245200336665	87.167803737575	0.940256484778028
WDR43	-10.528281281787	67.639641385778	0.90154762769745
CRIM1	-12.1170407459955	39.3455893578517	0.907015185642665
PKDCC	12.6158994470054	40.2247222422255	0.909467412628061
SPTBN1	-13.6192370744614	49.6274644602375	0.923708493787692
RTN4	-12.7251662846094	91.2587633275916	0.951645716776865
DQ588163	10.4620421087808	274.584274116961	0.927468575165298
LBX2	11.8979964414573	119.392501966421	0.951355082467485
LOC151534	10.6369617882243	71.2973825010581	0.907051514931338
TLX2	13.7550111813749	80.5089278232502	0.947867470754923
DQX1	15.4503714342044	65.9294750044905	0.938694325365109
REG3G	12.2998765737567	55.1916313696783	0.927305093366272
REG1B	13.6712431486657	40.5267035177335	0.910411974133546
TMSB10	-12.5078851087924	564.219167396881	0.981726367797718
RMND5A	-13.5717335788996	122.710388284987	0.962362856935261
TEKT4	14.5087629324765	41.122455098792	0.91161084065974
NEURL3	11.4352381124127	52.4719694481544	0.916388142120177
DQ573754	10.740520241628	215.235099741195	0.934243987502725
DQ593945	10.740520241628	215.235099741195	0.934243987502725
DQ574014	10.740520241628	222.409603065901	0.934625445033786
LOC541471	-12.186572682227	322.734975216744	0.972317082031534
SLC20A1	-14.3172593088114	186.0691503225	0.972989173871976
CBWD2	-11.3266837737812	52.3056272833319	0.914281043377171
ACTR3	-11.2754954056236	82.6025897488485	0.930029790016711
ANKRD30BL	-18.4371796999977	4049.59117290426	0.998692145607789
KIF5C	-14.0345863082806	74.5232851096183	0.944434352975369
MMADHC	-11.4329956527611	46.3430034566542	0.910230327690184
PSMD14	-13.591201285552	142.766992023386	0.966631548354283
SSB	-12.1759949643528	51.0533239547575	0.922909249436896
METTL5	-12.066894804064	89.0237784715475	0.94603284167696
BC046497	-13.4085392757532	88.1950045117204	0.951536728910848
AK002090	-11.5962830430814	43.7099472098693	0.909412918695052
ATP5G3	-13.7169241055518	80.8294729498179	0.948049117198285
MTX2	-12.5910101574305	76.3546826407108	0.943780425779263
HNRNPA3	-13.2996438796603	53.6405099413347	0.92770471554167
NCKAP1	-12.7628979438724	88.9331217976911	0.950864637070406
ZC3H15	-12.7970510243271	65.7001912807846	0.937549952771925
NDUFB3	-12.0234599430213	107.249407035588	0.950574002761026
PARD3B	-10.7471432897039	471.430297528895	0.943344474315193
XRCC5	-13.7185568850305	77.5649480109736	0.946014677032624
RPL37A	-12.417297739831	62.9770429138179	0.934225822858388
ARPC2	-13.9293840473218	139.55355406668	0.96630458475623
AAMP	-10.6316310035129	69.4749077741036	0.905798154472135
PID1	-13.8050981986776	100.098330531345	0.95638668894863
NCL	-11.455448546766	434.371132742978	0.96299861948703
SPEF1	11.8849984664361	88.5268229303856	0.943144663227494
PLCB4	-9.97175689470312	284.825839936396	0.907305819952045
OTOR	11.726185101815	36.991850100049	0.90033059652692
SNORA39	10.2975745935276	84.5481492321096	0.900257937949575
STAU1	-10.5367757078067	72.2212263714486	0.904308653636562
ZNFX1-AS1	-10.7842016241434	146.214782201236	0.929539344619632
PSMA7	-11.503096574091	100.435457806592	0.940964905907142
DQ590432	11.3883568319262	3928.54133545983	0.972607716340914
SOD1	-11.7902159094426	179.958429214899	0.958293976603938
LOC100288432	12.6291793217914	168.880354512376	0.967685097725786
U84523	11.8014302514571	116.035667569391	0.94933880694616
P2RX6P	13.3936235604486	338.633832095827	0.980182373029136
CCDC116	13.4029720737693	60.7788358504313	0.934207658214052
DQ570150	11.0816302166816	1025.65908483165	0.959474678485795
BC015159	11.6547608786173	47.5357261498239	0.914499019109206
RBFOX2	-10.4554536389995	75.2659101285475	0.90256484778028
CDC42EP1	11.9373236593532	43.5379776344289	0.91204679212381
bK250D10.C22.8	-13.2387044423092	578.311716833324	0.985195814865945
RRP7B	-13.4491248887887	163.334274826888	0.969628714669767
SYCE3	10.422383922503	163.715330413268	0.918949356971591
ACR	11.5904101115747	42.5485761496035	0.907923417859478
AX747864	14.4419918131594	40.1705220498921	0.90995785802514
DQ583118	12.0101147265676	536.399264659788	0.975041778681973
DQ577646	10.6755758208139	236.23764889158	0.933699048172637
BC152380	12.8557242330274	151.068028431817	0.966558889776938
UBE2E2	-11.5812714375943	246.266347718188	0.959020562377389
NKIRAS1	-11.2953278945176	164.758935091469	0.946813921383419
CMC1	-11.4848968769891	110.044299618715	0.942908522851123
DCLK3	13.2444999232422	41.9826022934845	0.91282787183027
ZNF445	-11.4242325784806	46.3287967802528	0.910193998401511
BC065373	14.0991906003949	39.0422551158241	0.908195887524522
DQ584669	9.85072503501727	401.938259294113	0.904653781878951
CPOX	-12.8857869038148	55.0395007157804	0.928867252779191
KIAA1407	10.3448359247235	135.110083613784	0.912573566809562
UROC1	11.0509373874354	47.3322817162365	0.903727385017801
SNORA58	12.6096346323463	103.325307912114	0.955278645644118
RYK	-11.0845108282776	64.7618723847671	0.916442636053186
STAG1	-10.8258526085148	61.2824879364996	0.908123228947177
ATP1B3	-10.9294501920677	60.0566810408698	0.910484632710892
PCOLCE2	-11.9049986443956	46.0395644603562	0.91506212308363
RSRC1	-10.2010667383532	98.7882376862026	0.900239773305239
SCARNA7	-11.7342001180506	204.77297262408	0.958911574511371
PPM1L	-10.6954376001956	765.595941565195	0.945342585192182
FNDC3B	-12.2779707420725	64.2585610910319	0.934425633946087
PAK2	-11.6033170858583	41.2715344115668	0.906034294848507
GRK4	10.4491136957275	133.766473020679	0.916515294630531
LOC100133461	13.3641524790128	56.887396503271	0.930629223279808
MRFAP1	-10.6267721179192	376.861369046786	0.936823366998474
HS3ST1	14.69212039113	891.209972686702	0.991662428249655
RAB28	-11.9765580626011	43.7547046576125	0.912737048608588
NCAPG	-13.1335982837403	38.0798438084671	0.906088788781516
LCORL	-13.1141278846023	37.5531810607711	0.905162391920366
DHX15	-12.4209660759891	78.5021086114426	0.944107389377316
CSN1S1	14.4284781504921	1264.55957106168	0.993406234105936
HNRNPD	-12.4609984006577	179.777667213894	0.967412628060743
HNRPDL	-12.7272310363134	39.10222092069	0.907887088570806
SEC31A	-11.3870511838794	49.0577908035924	0.912900530407615
AGPAT9	-13.4229151644117	102.326089156893	0.95687713434571
RAP1GDS1	-12.4106143171703	44.6186977487579	0.915607062413718
CENPE	-14.1039396258177	40.4800728056063	0.910430138777883
UGT8	-11.5689789790505	48.808106201501	0.915189275593984
ANXA5	-12.9829250767676	185.521702659228	0.970700428685606
CCNA2	-11.6226094621898	80.7170940905277	0.935987793359006
LOC641364	-13.7327353143402	57.8217648539287	0.931628278718303
RPS3A	-13.3878942858746	153.434093661086	0.968193707767202
PPID	-12.2612757086441	52.61199159359	0.92468938458185
SPATA4	10.6296168683221	61.095994162904	0.90169294485214
CEP72	-12.4033416133271	44.2787937220157	0.915280098815665
CCT5	-10.3961014089065	112.254455473187	0.910648114509918
DQ596042	11.0679377145026	632.887593229958	0.956005231417569
SERF1	13.5800297233498	555.61289610275	0.985886071350723
DQ591060	11.4915440236823	416.001382242883	0.963107607353048
CRHBP	11.5677613908321	42.7056844662069	0.907850759282133
SNORA47	11.4955956538817	81.6205537268913	0.934679938966795
RPS23	-12.5745278026752	97.2498469220344	0.953316864055802
BC107094	13.2340975631328	110.398075870256	0.958548281624646
FER	-11.9007610069937	89.0191566891359	0.943471626825547
DTWD2	-14.5456347881415	95.3929540079341	0.954897188113057
SNX24	-11.9832911066401	37.5298545120695	0.902964469955678
FNIP1	-12.7169923433017	50.4357843947948	0.924144445251762
AK026965	-12.3965689680042	42.9563194610096	0.913518128315048
IL9	11.9338330140309	103.303048321398	0.948285257574657
MYOT	-12.0570704190505	36.9122319995912	0.9022742134709
CTNNA1	-13.4890390420675	74.8008022734299	0.944307200465015
SLC25A2	13.6848802535402	36.2632362404352	0.902346872048245
LOC285629	12.3966456548946	43.7655824173056	0.914644336263896
GABRA6	11.3879435917342	40.6305992163933	0.902837317445324
NKX2-5	13.7945628628096	56.5469234599001	0.930538400058127
CANX	-13.2075290309321	179.693961111078	0.97053694688658
AK094934	-12.1945655346025	73.8976590660804	0.94014749691201
NOL7	-12.8296621270316	199.685293947151	0.971136380149677
RANBP9	-13.4207671997161	86.0582980787044	0.950592167405362
OR2H1	12.4666685313883	43.4841570331201	0.914335537310179
HCG4B	12.1759472232411	64.0601094919959	0.933590060306619
DQ580846	11.7112805671469	484.466085374727	0.968811305674635
HLA-DMA	15.6017332320354	632.15205313944	0.989282859841604
DQ597035	11.4743107082077	866.856407921403	0.968938458184989
DQ577977	11.4743107082077	928.774722772931	0.969447068226404
DQ589683	11.4743107082077	896.748008194555	0.969229092494369
DQ594410	11.3946988001534	793.839106250079	0.966631548354283
DQ582841	10.0812949580107	329.882474742725	0.913281987938676
BC015662	-12.1710384365614	104.165807899144	0.951900021797573
NUDT3	-12.1322521912116	39.8933805018582	0.907905253215142
MEA1	-11.2012843034637	195.41524653215	0.947177214270145
HSP90AB1	-13.844747610853	318.003165322083	0.980581995204534
SUPT3H	-11.9295271625225	53.1311054782141	0.922654944416188
CD2AP	-12.6793028120239	48.8154571471333	0.922237157596454
PRIM2	-11.8256334903363	86.6386613322319	0.941691491680593
EEF1A1	-13.3918500243833	344.415651990864	0.980364019472499
EYA4	-11.1246656004834	46.7673556272217	0.904980745477004
CITED2	10.8103283583539	53.5049118520856	0.902528518491608
SNORD93	11.256776518271	128.981698839718	0.941201046283514
HNRNPA2B1	-11.5519044779521	250.500768844786	0.958675434135
PURB	-11.1013455939961	822.114466702237	0.958984233088716
DQ575984	-10.749153714079	1100.9598002767	0.948957349415098
PSPH	-12.3465531249968	58.2864656913441	0.930011625372375
RFC2	-11.7154047562205	60.571145773873	0.926378696505122
NCF1	11.0250363464501	78.345135349791	0.921910193998401
LOC100093631	-11.8735977558881	57.6641778340479	0.925597616798663
STYXL1	11.0014371987397	720.558077208108	0.954860858824384
BAIAP2L1	-13.6433301793938	68.9448385988068	0.940656106953426
ATP5J2	-10.7464585703115	64.5189724121911	0.907251326019037
LOC645591	14.0616344568914	72.4078576523624	0.943253651093512
BC061919	10.4583250636654	103.38626594457	0.911392864927705
C7orf45	10.99159739831	70.454240077009	0.917695996512388
MTRNR2L6	-14.6011315810358	550.5005206686	0.987248419675943
DQ590227	10.8828094321806	263.011008756115	0.941528009881566
DQ583756	10.137271577168	168.878212423037	0.907487466395408
MIR124-1	12.5943426292954	283.854440955552	0.975132601903655
FP15737	-10.4155987768467	101.12672020555	0.909249436896026
BC043205	17.0972699173335	1081.22583002512	0.993442563394609
C8orf71	13.6618575648595	71.5066101531622	0.942545229964397
LOC286189	-13.440399221871	189.172624668728	0.972226258809852
SLC7A13	12.9184337106548	97.1767346648249	0.954334084138633
TM7SF4	11.719277493726	49.2825217299876	0.917169221826637
DQ574852	-9.63620952089967	1739.48569321585	0.900148950083557
PTP4A3	11.578309898293	66.5712278484706	0.928449465959457
GPR172A	11.971277100574	76.1634689942873	0.938712490009446
ADCK5	11.9794187026025	92.6604132510767	0.945778536656252
RPS6	-13.013808735928	245.211234480499	0.975078107970646
DNAJA1	-10.2554806879085	200.197649096696	0.915334592748674
DQ585850	12.1631433303263	596.43754279079	0.978020780353121
MSMP	13.2867399131274	56.2652830919304	0.930175107171402
DQ586551	10.823955119687	738.580876371866	0.949247983724479
FAM27E3	11.9753454717912	36.3125230382402	0.900421419748601
FAM27A	12.0363127216627	72.3675216285306	0.937786093148296
DQ596925	10.9109930032456	258.953933670198	0.942454406742716
DQ597713	10.7655667307244	219.006604479475	0.9353338661629
DQ586158	13.0583295448033	1147.65120487972	0.989882293104701
DQ592725	11.62208825783	1028.98899153295	0.972789362784277
DQ582032	10.9201034172785	590.259007268753	0.950919131003415
DQ584769	10.9201034172785	571.218394131051	0.950682990627044
SHC3	-11.4731315833888	46.6828560544222	0.91146552350505
MIRLET7A1	12.2141928926071	231.721847453602	0.968557000653927
MIRLET7D	12.2144387389676	213.113881674293	0.967321804839061
MIR23B	12.9479311619655	453.379342150983	0.982125989973116
NCBP1	-11.0903115967746	43.2290957599805	0.90047591368161
TAL2	13.9646315235743	95.0937353335303	0.954697377025358
PSMB7	-12.1948803191836	377.305364131707	0.974060887887815
C9orf106	11.5031590096677	65.7536044299593	0.926741989391848
LQFBS-1	-13.0191821425998	130.503011392276	0.963125771997384
RPL7A	-11.2160510363941	53.0106399210181	0.912718883964252
PAEP	13.5583068693068	37.1496207940135	0.904490300079924
BC101937	12.2966170925757	162.214186204728	0.964288309234905
TUBB4B	-13.1961135821297	126.551439089689	0.96270798517765
FAM166A	-12.2970437604733	120.014757472729	0.9570224515004
DQ582201	-14.9992289305784	23206.75350364	0.999091767783187
TVAS5	-20.2809774381707	803945.668955175	0.999945506066991
STRF6	-18.871451488255	27823.6312987476	0.999782024267965
DQ584698	-10.1653820798915	1377.61987542367	0.926741989391848
MTND5	-17.1821934341361	18450.8320509007	0.999618542468938
AF079515	-14.5295878366744	1518.56288916896	0.994314466322749
SH3KBP1	-12.0669536299172	42.0320501685889	0.910847925597617
APOO	-12.4876563875309	100.470446122473	0.9537164862312
EIF2S3	-13.7801829461619	80.0678229805975	0.94768582431156
VENTXP1	-14.097971821476	158.693260283969	0.969828525757466
GPR82	13.810556150339	326.813009202458	0.980927123446923
PLP2	-11.4800851961609	54.0120065779071	0.91865872266221
PRICKLE3	11.8282117893721	64.5361805442541	0.930302259681755
HUWE1	-12.4687829258901	39.8429272842318	0.908668168277265
SNORA11	11.6454661524932	223.530673739272	0.958748092712345
RPS4X	-11.2064525220589	99.7721863134685	0.934225822858388
TGIF2LX	13.0908308246106	38.6382102061156	0.907214996730364
H2BFWT	11.2442689783582	41.5009726041684	0.901511298408777
H2BFXP	13.4027136289228	50.9722889836056	0.925052677468575
KCNE1L	14.284998207387	53.1696146772843	0.927523069098307
SNORA35	11.7133695230673	101.54685086333	0.944852139795103
ZCCHC12	14.3443886028628	36.694010675881	0.903436750708421
TFDP3	10.5182916616407	75.2951211033279	0.904671946523287
MIR92A2	12.2919653186481	260.862911243544	0.971136380149677
MIR106A	12.2919653186481	241.539732632911	0.970137324711182
SNORD61	11.2888820174371	133.692048652885	0.942599723897406
SPANXA1	11.9007088783027	38.8450303442087	0.904690111167623
MIR105-1	11.5144873686469	140.890767345072	0.949138995858461
TTTY18	13.876185398654	265.483062317534	0.978202426796483
TTTY19	13.8767291588131	218.192848095919	0.975296083702681
RBMY1A3P	13.3429510489736	137.452292882232	0.96514204751871
TTTY20	11.8767291588131	226.572083113742	0.96299861948703
TTTY17A	12.9326215893615	183.760991569936	0.970137324711182
DQ579249	12.3344324632868	694.803502679284	0.981871684952409
CATSPER4	11.6776664040382	99.9722795557064	0.943671437913246
RNU11	12.5202035475548	853.844218122444	0.985359296664971
BC039493	14.2015041441643	206.353488635352	0.974623991862239
RBM14-RBM4	-13.3278631279908	156.581853385734	0.96844801278791
KIAA1002	-10.9830462119942	323.509348101176	0.947177214270145
hADV14S1	12.881674098271	72.5264900489619	0.942617888541742
TRAV1-2J6	14.7824674997592	1221.8507295742	0.993606045193635
PSMB11	14.7824674997592	58.0604887337263	0.931955242316355
SNORA67	12.1288610535457	123.048298146526	0.955932572840224
PIRT	11.4718073662599	56.0133047287119	0.91973043667805
MIR187	11.7433243247645	122.701430064422	0.949901910920584
SNORD105	11.5252292188003	135.264349506875	0.948521397951028
SNORD105B	11.5252292188003	124.972496827004	0.946741262806074
SNORD23	12.5506141547234	212.792437669544	0.97082758119596
SNAR-A12	12.3894684398801	171.58163198998	0.965959456513841
SNAR-G1	10.7675785970346	53.1147223983568	0.901075346944707
C2orf70	14.0021384956634	92.1217888546189	0.953389522633147
LINC00479	14.8661755727694	57.3221924510375	0.931264985831577
DKFZp586E1322	11.0441686348456	56.1244578733451	0.910357480200538
MIR3653	12.1144425791901	180.198576262128	0.963507229528446
SNORA63	12.2445420639318	14470.1228289215	0.988828743733198
AK308309	-11.0139669592061	82.7106657314181	0.923163554457604
SNORD123	11.0089187416639	91.3337379785624	0.926033568262733
LOC644936	-11.6694000571594	44.3723652858555	0.910847925597617
PCBD2	-9.68290905330387	1132.73004844123	0.901638450919131
LOC728554	-12.1510103921156	131.955132492758	0.957839860495531
DQ571357	10.3626565914075	789.836290294075	0.932391193780426
TCRBV5S3A2T	12.7131250406222	637.940078726282	0.98419675942745
TCRBV5S2	12.7131250406222	223.279027554199	0.972298917387198
LOC100132396	11.6409033364383	50.5264367988906	0.917478020780353
AK311257	10.7544521259998	109.43465353802	0.922636779771852
LCE3A	11.7730036606728	50.56491815574	0.919149168059289
MIR135B	11.1696949470656	92.6323892237964	0.931083339388215
OR2AK2	13.2377528270987	37.3908318651564	0.904871757610986
MIR511-1	13.3378465092773	464.344837410613	0.983778972607716
FAM25B	12.2480544850833	351.753925131201	0.97384291215578
DQ577219	11.9731133727108	785.376322929108	0.977330523868343
DQ597117	11.949331459275	798.283914317085	0.977257865290998
DQ593224	10.2391057998395	281.336710686531	0.918967521615927
LIPK	10.8179688587859	75.658379923121	0.914807818062922
FRG2B	15.2317434876522	168.702037493055	0.971172709438349
DUX4L3	11.5973504846943	92.826380289931	0.940074838334665
OR10A4	12.3465526485543	54.2567493540274	0.926887306546538
OR2D2	13.4032529026077	45.60067649869	0.918386252997166
OR2D3	13.2740586345656	38.9230321955425	0.907759936060452
DQ595261	14.345623653477	2801.2644697002	0.996621376153455
DQ580332	14.345623653477	3124.48729312714	0.997257138705224
DQ588034	14.345623653477	2901.30962933235	0.996784857952481
DQ599212	14.345623653477	2707.88898737686	0.996494223643101
DQ587623	12.7944122792836	1026.56609376225	0.988102157959747
DQ592381	12.7944122792836	923.909484386025	0.98735740754196
DQ589460	12.7944122792836	923.909484386025	0.98735740754196
DQ590971	12.7944122792836	1026.56609376225	0.988102157959747
DQ597700	12.4437405776083	701.14761561638	0.982997892901257
DQ583098	11.3734323259097	836.164918102291	0.966359078689239
DQ598733	11.3734323259097	898.103060183943	0.966813194797646
OR8J1	12.4064606759284	57.1025735731905	0.929030734578217
OR5R1	12.7117916405091	62.9028914300495	0.935406524740246
OR5M9	12.7117916405091	65.734532844907	0.937459129550243
OR5M3	12.7117916405091	58.3542522781144	0.931373973697595
OR5M11	13.9102758640781	65.4409112579687	0.938094892102013
OR6Q1	14.1588488659943	74.8128223811001	0.944597834774395
OR9Q2	14.1615926910118	65.9053535988093	0.938567172854756
OR1S1	13.6758031880775	52.2113445771109	0.926433190438131
MIR326	11.7074429410388	137.324476863044	0.952099832885272
AK124326	11.3085989931558	39.9088743330725	0.900403255104265
MIR125B1	12.3885972181343	237.730903014503	0.970936569061978
OR8B12	13.7668702976333	58.2959052182444	0.932136888759718
OR8A1	13.7668702976333	55.443506186159	0.929684661774322
DQ584103	10.6568838796302	209.875295877148	0.931065174743879
POU5F1P3	15.6917978383906	190.534793348783	0.973643101068081
OR9K2	18.0243702655391	8887.6248872316	0.999382402092567
OR6C1	-18.1918514356613	10861.2702032684	0.999473225314248
OR6C3	-10.0170940876406	10885.6029510342	0.920638668894863
OR6C75	-10.0170940876406	10850.8246668456	0.920638668894863
OR6C65	-10.0170940876406	10850.8246668456	0.920638668894863
OR6C76	-9.65873848930846	10847.1760355447	0.901929085228511
OR6C70	-9.65873799500146	10847.1723144007	0.901929085228511
OR6C68	-9.65873799500146	10847.1723144007	0.901929085228511
OR6C4	-16.1371470218033	10965.4315313913	0.999327908159558
OR10P1	-16.5017525123139	10825.7780501992	0.999364237448231
DM110804	10.5022936954295	389.704982775385	0.932699992734142
LOC647264	14.3432649113538	156.874184579386	0.969683208602776
OR4K14	13.4857163865298	47.9728572268588	0.921565065756012
OR4K13	13.5330031154198	50.5466153200091	0.924725713870522
OR4N5	12.1232844246932	49.8853156825602	0.921419748601322
OR11G2	13.5330031154198	44.5569874930716	0.916533459274867
OR11H6	13.5330031154198	46.5761863220628	0.919639613456369
OR11H4	13.5391990523183	47.6402331368751	0.921129114291942
DQ580323	14.0308294087718	2252.09401274875	0.995676814647969
DQ573937	14.0308294087718	2252.09401274875	0.995676814647969
MIR136	11.3710126477064	125.99345303162	0.943598779335901
MIR134	12.4777551454869	2775.54906794303	0.990390903146116
MIR369	10.1194260066213	564.068006559424	0.91943980236867
DQ575576	10.7822471762859	228.940082441554	0.936151275158032
DQ593983	11.7825340250427	1782.53037814294	0.978329579306837
DQ576060	12.3069194657899	1781.56729275184	0.9867761389232
DQ593143	11.9707812961447	505.131301786302	0.973388796047373
DQ596932	12.538882921284	859.910132634479	0.985522778463998
DQ578124	12.7174032504677	1010.6294560168	0.987757029717358
DQ584883	12.7174032504677	906.081581256438	0.987030443943908
DQ600835	10.9659665169973	690.913981068589	0.953988955896244
DQ592701	10.6384096500681	516.1018823363	0.939911356535639
DQ587527	10.6276107333747	546.400792304143	0.940038509045993
MIR193A	11.3046707556559	112.124505345698	0.938676160720773
MIR196A1	10.5361981601068	82.7239053751986	0.90859550969992
FSCN2	-11.1665656842651	73.2587101769615	0.923835646298045
MIR122	13.0522907311789	389.915869752919	0.98074547700356
DQ587284	12.0194310674996	539.875164972636	0.975187095836664
DQ575167	12.005007614213	517.261276485095	0.974587662573567
DQ582989	12.005007614213	534.503319034599	0.975023614037637
DQ580366	10.355392921869	176.142515558472	0.917550679357698
LEUTX	12.9473528777406	71.186655218602	0.941709656324929
SNAR-A3	13.3072850579385	326.868968116849	0.979619269054712
MIR150	12.7022320439115	309.541115961717	0.976622102739228
SNAR-B2	13.3072850579385	329.592876184489	0.979710092276393
MIR217	13.2100343240235	336.115082653463	0.979346799389668
MIR216A	13.2100343240235	336.115082653463	0.979346799389668
DQ599716	10.6180142221581	204.29278931409	0.929103393155562
DQ600792	11.1538873886457	341.822483233595	0.952372302550316
MIR149	12.9467478707583	346.118157205217	0.978929012569934
DGCR10	10.7403905806288	78.8972907252237	0.913681610114074
MIR130B	10.7066668631501	79.4811284461775	0.91282787183027
DQ596940	12.0213995504563	559.254286717458	0.975459565501707
MIR33A	12.0213995504563	235.048903113135	0.966195596890213
DQ586951	11.6464338927058	463.165955511486	0.967194652328707
IQCF5	13.6138777061115	92.6460540351798	0.953335028700138
SLC25A26	-12.5566680920991	38.1619486975574	0.905798154472135
LOC728405	15.1188997226748	87.1614170446106	0.951627552132529
ANP32C	-12.0752807665792	121.422679270922	0.954751870958367
RNU5E-1	-12.397959627037	1070.64407593027	0.985504613819661
DQ596041	11.1569604637418	318.08371501162	0.952154326818281
DQ574682	11.05463826624	647.980018524523	0.955442127443145
MAS1L	15.0334521338144	115.095027581919	0.960746203589334
RP	14.9497287525711	100.394030869332	0.956695487902347
DQ601342	11.200303349703	327.78915095009	0.953680156942527
TCRBV5S6A3N2T	11.4532187373558	75.3657190027233	0.930738211145826
TCRBV13S1	11.4532187373558	225.617120581401	0.955096999200756
DQ581988	-11.8168729524905	2650.43351938527	0.980473007338516
DQ601751	12.2833197948688	648.26005654597	0.980690983070551
DQ579694	12.2833197948688	694.564346299254	0.981272251689312
OR1J4	13.1299328676009	37.1290831918061	0.904381312213907
BC018860	-16.5679474177836	36336.2580836505	0.999636707113275
OK/SW-cl.16	-18.5805757749654	6237.08514670537	0.999255249582213
BCYRN1	-13.8507055663143	1465.50162487691	0.993460728038945
DQ600137	11.1128026206701	278.6371523685	0.949138995858461
5S_rRNA	11.7189206385782	42433.1545083619	0.979909903364092
MIR4632	11.6102703357443	156.356534359348	0.952862747947395
MIR3675	10.8328169206595	141.07009558562	0.930756375790162
MIR3659	11.7234237215762	133.244253871249	0.951518564266512
HH834010	10.5925160192843	62.0757398006388	0.900857371212672
SNORA2	12.0284080019362	118.958920067074	0.953516675143501
Mir_448	13.0677488940716	299.106416860793	0.977802804621085
BC047032	16.8571314978494	707.76017841314	0.990336409213108
MIR190B	11.4333631850551	362.80951738577	0.960092276393228
MIR4654	10.5187853659555	75.2783601316705	0.904653781878951
DQ592690	11.7718580165351	454.722921184878	0.969392574293395
DQ587855	12.3988009957598	702.294506863872	0.982598270725859
JA429801	10.4218680625508	254.723403277436	0.924871031025213
JA429802	10.0282267992643	176.995849178254	0.903545738574439
JA611272	10.5003535359162	68.05394523343	0.90091186514568
MIR4260	11.5391155095333	173.264294003391	0.953389522633147
MIR3122	11.7289410179171	181.393694291215	0.957204097943762
U6atac	10.2460214816422	4873.48184108846	0.931610114073966
Mir_384	10.755372528169	143.600227690877	0.928558453825474
MIR1915	10.719888140698	82.2186351339694	0.914353701954516
JA682651	11.0441999809468	392.211582512304	0.950465014895008
MIR3156-1	10.443601564316	72.4059160997053	0.900802877279663
MIR4294	11.3954393293357	323.969104358602	0.958457458402964
JA429001	12.6199944488748	1169.54928884001	0.988011334738066
RNase_MRP	10.4819268212774	214.55502231985	0.925107171401584
FU270182	10.3856843525228	359.626463361943	0.927341422654944
FU270200	10.9698435150279	372.499766885334	0.948430574729347
FU270193	10.4360654051883	372.416572738221	0.930011625372375
FU270211	9.96984351502786	372.313947657666	0.909921528736467
FU270189	10.4360654051883	372.416572738221	0.930011625372375
DQ597779	10.394974814711	175.010962436163	0.91865872266221
DQ592472	11.0475155330956	294.835810321796	0.947849306110586
DQ582272	11.0475155330956	266.303312548719	0.94646879314103
DQ597620	12.0024472623423	533.555346222004	0.974605827217903
DQ579258	12.0185866090394	539.559174035104	0.975187095836664
DQ596518	11.959971869257	501.359797048022	0.973279808181356
DQ596791	11.2423819752371	325.856842513093	0.954261425561287
DQ579048	11.2423819752371	325.856842513093	0.954261425561287
DQ599234	10.607506671887	325.673565407335	0.934552786456441
DQ571693	10.6060588025418	304.356569957637	0.933898859260336
DQ577365	10.6060588025418	325.346678230578	0.934534621812105
DQ582762	13.4699465850567	1639.7055462541	0.992752306909831
CPEB3_ribozyme	15.786694254676	2827.9788878716	0.997384291215578
MIR609	12.3818273514567	219.1827607857	0.969646879314103
JA429539	10.9969639534411	362.318674783266	0.948575891884037
MIR4686	13.0436000028018	433.4707189257	0.98196250817409
LOC100500938	10.3656341823823	89.9251369419248	0.904544794012933
DQ583646	10.3862722109206	173.957659311058	0.918586064084865
DQ594571	10.4199195004203	184.20573258514	0.920293540652474
DQ594135	10.4199195004203	184.20573258514	0.920293540652474
DQ594374	10.4199195004203	184.20573258514	0.920293540652474
DQ588704	10.340152529639	180.514803279118	0.917314538981327
DQ587050	10.4275740699359	173.238884817642	0.919984741698758
DQ589570	10.4275740699359	179.013514311563	0.920402528518492
DQ571892	10.4275740699359	185.18639411541	0.920838479982562
DQ573752	10.4275740699359	198.903904790626	0.921783041488048
DQ583615	10.8628736027542	279.353505583119	0.941709656324929
DQ582903	10.8628736027542	279.353505583119	0.941709656324929
DQ573895	10.5841691699344	230.253375289749	0.92935769817627
DQ599539	10.5841691699344	193.115734113983	0.927050788345564
DQ575274	11.6681356048893	423.16917871097	0.966613383709947
DQ593189	13.0302554936976	1125.53183925251	0.989755140594347
DQ575059	13.0352741605034	1091.80600252781	0.989627988083993
DQ574428	13.0352741605034	1091.80600252781	0.989627988083993
DQ573749	11.9542054942509	1209.07459326811	0.979782750853738
DQ576379	12.0849333567198	1369.42686578491	0.982598270725859
DQ571263	12.1500075630428	1432.62505329123	0.983797137252053
DQ582888	12.2458174182095	1707.67402735984	0.985631766330015
DQ595146	12.2458174182095	1707.67402735984	0.985631766330015
MascRNA_menRNA	12.0470244723257	284.639413402334	0.969101939984015
MIR1260B	10.7432490287852	75.111547522228	0.912101286056819
DD413629	12.2984736105324	854.486774164115	0.982961563612584
MIR4693	11.6946050697731	249.590339506228	0.961000508610041
DM119543	13.0583295448033	1512.81295188691	0.991099324275231
U4atac	11.8597517412209	357.243935028937	0.968030225968176
MIR4493	10.8528014212689	98.8031862350143	0.923545011988665
DQ591569	11.3438523335414	337.956955889951	0.957276756521107
DQ588965	11.381122123871	346.804702140836	0.958566446268982
DQ590472	11.381122123871	358.763484973279	0.958875245222699
DQ573743	13.4616859392026	1517.90541375294	0.992443507956114
MIR3913-2	10.6313330109245	61.8566204817839	0.902219719537891
LOC643339	-12.1682061460711	522.724596779549	0.976876407759936
MIR1251	10.8124442040734	100.193690064445	0.922436968684153
SnoMe28S_Am2634	10.8124442040734	76.2343293968603	0.914444525176197
MIR4700	10.0808817938439	214.623351563384	0.908195887524522
MIR3908	15.6243848847958	1564.36941598523	0.995004722807527
DQ590719	10.8285943366935	236.418534629801	0.938476349633074
DQ588544	11.2143089598655	479.176697542395	0.957712707985178
MIR2681	12.4287744627124	204.868785890099	0.968902128896316
MIR4705	12.4287744627124	302.974965048738	0.974351522197195
OR11H2	14.1033122026084	375.019973686293	0.982997892901257
HTJA150	14.2478296046896	1069.18622991406	0.992407178667442
MIR4308	10.5811538779905	635.108430922053	0.939657051514931
MIR4706	11.3798075070449	126.764162635355	0.944071060088643
MIR4505	12.0869945048662	360.916282813388	0.972008283077817
DQ577854	10.2934408849399	181.23181902497	0.91520744023832
DQ593003	10.2934408849399	174.759254059793	0.914862311995931
DQ575342	10.2661889006776	165.573163510001	0.91340914044903
DQ578127	10.2990155229237	169.386847238831	0.914789653418586
AF401214	-11.4014882248397	242.77556026512	0.955115163845092
MIR626	12.2438811311004	201.311241915709	0.966667877642956
MIR4713	11.5104885207445	151.740707482636	0.950755649204389
DQ588654	11.5104885207445	367.114614877345	0.962235704424907
DQ578013	11.2370677821621	348.707015916711	0.95487902346872
DJ439519	-10.5662770870277	1431.62208170587	0.943217321804839
DJ439566	-9.81681030940035	851.179444846323	0.907723606771779
DJ439574	-9.8390894668148	864.440705690769	0.908758991498946
DQ582680	10.0165601903858	920.197495748869	0.917968466177432
DQ596379	12.3512989721019	702.975682098204	0.982162319261789
DQ596157	12.3512989721019	728.081956458854	0.982434788926833
DQ582977	10.2737582510569	155.706484412663	0.912428249654872
DQ582622	12.3789788935601	670.363982347174	0.982017002107099
DQ576106	12.3789788935601	716.595981129738	0.98254377679285
DQ598082	12.3789788935601	742.188694741514	0.982925234323912
DQ577480	10.0451838590834	147.110047025779	0.901474969120105
DQ573982	10.0451838590834	147.110047025779	0.901474969120105
DQ601402	10.0451838590834	142.037286783511	0.900802877279663
DQ596112	12.6146024266684	843.755092888139	0.985886071350723
DQ574554	12.6146024266684	873.889203348429	0.986049553149749
DQ576888	12.152405098148	612.427934136566	0.978238756085156
DQ595661	12.0258888797531	542.297762160378	0.975368742280026
DQ598070	11.2832680087441	324.053354638562	0.955096999200756
DQ592190	11.7518182272772	463.91219349672	0.969229092494369
DQ578010	11.7518182272772	448.448453713496	0.968938458184989
DQ595173	10.6819900930074	206.672764659693	0.931828089806002
MIR4718	11.1752627054939	176.864720741897	0.945051950882802
MIR4518	11.8506586237941	173.587304129522	0.958766257356681
JA536067	12.413651464642	354.781149213549	0.975768364455424
SNORA70D	11.9004033053777	110.469124020747	0.94933880694616
MIR1910	12.5901805216933	300.726368437062	0.975768364455424
DQ588877	11.3250816473602	536.598400348857	0.961545447940129
MtDNA_ssA	11.9887147778782	141.562363720044	0.957240427232435
DQ587033	14.5977703143716	3455.42230907524	0.997602266947613
MIR4314	11.2258926277194	101.547951240423	0.93518854900821
MIR4521	11.8125159739985	233.861950451462	0.962490009445615
MIR3676	12.9754627273564	369.692449750897	0.979964397297101
U11	11.1717220735241	63.3660661423205	0.918440746930175
MIR744	13.7308896863106	541.329367280491	0.986249364237448
DQ574806	11.4014063968169	1844.79274396262	0.970736757974279
DQ571055	11.1798022157655	323.162140793377	0.952771924725714
DQ595299	10.6269070625641	192.709455997703	0.928812758846182
MIR4522	13.5258893073608	528.995856813627	0.985286638087626
DQ586005	15.9750918208074	8667.36381899348	0.999200755649204
DQ600693	15.9750918208074	8378.4516916937	0.999200755649204
DQ592978	15.960930355669	7778.07191144346	0.999164426360532
DQ598642	12.7163620668399	847.013109683381	0.986576327835501
MIR4723	12.7163620668399	312.588171430772	0.976930901692945
MIR451A	12.7703675765514	378.598578779999	0.97923781152365
MIR451B	12.0643130496622	245.708239235004	0.967358134127734
MIR4732	14.1723895605012	947.95385853305	0.991680592893991
MIR4523	12.7645031445479	393.456533971361	0.979637433699048
AF086476	13.6697207628886	191.701096695194	0.973007338516312
MIR4733	14.2034988727281	968.618002737418	0.991844074693017
AF086346	13.0587732222919	193.089903037662	0.971517837680738
MIR4724	11.484222291434	125.563583728114	0.946123664898641
MIR4725	11.484222291434	124.168432797802	0.945923853810942
DD413671	9.73419279389661	801.786368938363	0.902583012424617
TRNA_SeC	10.8477819535729	120.994812750128	0.927922691273705
JA429848	12.9821199207171	1434.96427545867	0.990717866744169
MIR4315-1	10.6410444699993	415.106904940055	0.938076727457676
DQ573673	11.2620187383314	309.01305539573	0.95415243769527
MIR1203	10.8808196835994	421.002903844672	0.946577781007048
LOC100506650	11.9174275826633	41.4525486384256	0.908813485431955
MIR4736	13.7889108528934	1175.05224581023	0.992443507956114
MIR4737	12.5981159719167	298.652168749731	0.975732035166751
TRNA_Und	13.3615715700683	547.572021897204	0.985141320932936
MIR657	12.2982416763965	200.510570371422	0.967430792705079
MIR3065	12.7700331075588	344.971871562143	0.978093438930466
DQ572814	10.7554650989458	224.726869941133	0.935261207585555
DQ582047	10.7554650989458	232.476072352896	0.935806146915643
DQ583379	10.7554650989458	224.726869941133	0.935261207585555
MIR1-2	-9.89111252945023	803.258020591389	0.910666279154254
MIR1539	11.1201692881383	173.639809093559	0.942963016784131
MIR4320	10.4544660443533	84.1772696824154	0.905888977693817
MIR1181	10.498862567364	787.005768861186	0.938149386035021
MIR1238	10.6890837738807	77.5717445566706	0.911520017438059
hsa-miR-3074-5p	13.9488343183341	2938.19570776681	0.996330741844075
FW420894	13.9488343183341	2938.19570776681	0.996330741844075
MIR1470	13.9498682553649	1012.23522285832	0.991716922182664
DQ571988	13.9498682553649	2374.85956132144	0.995658650003633
MIR3188	12.1570169880245	209.615158337837	0.966449901910921
MIR3189	12.1570169880245	244.072444639947	0.968538836009591
DQ580047	11.1953298703381	304.883237761645	0.952899077236068
DQ573935	11.3221148962659	332.901100889446	0.956695487902347
MIR1270-1	12.1806130213485	218.206747356873	0.967176487684371
DQ589981	10.3265701094135	178.821994685199	0.916805928939911
MIR641	13.178374173508	365.353960712633	0.980218702317809
DQ590318	10.1289489879136	167.905932615248	0.907015185642665
MIR642A	11.5303550225043	316.03973906495	0.960855191455351
MIR642B	11.5303550225043	398.127982977924	0.963307418440747
MIR769	11.5716791082711	267.347026552027	0.959656324929158
MIR320E	13.2921075315732	738.437679508911	0.987829688294703
MIR3190	13.3310604194757	502.605078652555	0.984342076582141
MIR3191	11.3994020760661	138.642858657741	0.946305311342004
MIR4749	12.5219000361499	297.997680192906	0.975296083702681
DQ581862	10.7357324092149	214.521571817736	0.934207658214052
JA429818	10.6320693506918	294.705807502557	0.934389304657415
MIR4757	12.3212524653975	259.29904979131	0.971427014459057
MIR1301	10.7309286346323	80.8298702527148	0.914190220155489
LOC100288911	12.9442301498492	41.951974804753	0.912755213252925
MIR548AD	12.1991164849559	223.719430785291	0.96781225023614
MIR559	13.49019056339	467.684497970554	0.984142265494442
IGKV3-11	11.2922605445826	71.4069180290772	0.925397805710964
CR749695	-11.1201133231739	85.577399406613	0.927395916587953
MIR4265	12.1656883147134	181.057832095726	0.964270144590569
MIR4266	12.534754348853	420.931190622715	0.979110659013297
MIR4773-1	10.4619399642648	70.5123296632672	0.900730218702318
MIR4773-2	14.6386481509895	1276.05826800493	0.993715033059653
DD413621	10.7519639513125	1893.99202305944	0.950755649204389
MIR3606	12.4680692791308	350.877547317774	0.976440456295866
MIR3129	12.4750629022787	292.272663155007	0.974860132238611
MIR4776-1	12.7614778429725	338.645280940853	0.977929957131439
MIR4776-2	12.8017936731165	348.243505668374	0.97836590859551
MIR499A	11.3143370006881	81.4206112074017	0.930175107171402
MIR499B	11.3143370006881	136.072802291822	0.943671437913246
MIR4533	11.8382688428733	201.190278550887	0.960709874300661
MIR1257	15.0268531987525	1113.38310674108	0.993260916951246
MIR4327	11.7699961506299	160.283396678494	0.95638668894863
MIR4760	12.0486799584591	206.60056791984	0.964742425343312
MIR3197	11.3184599329658	136.462380160012	0.944198212598997
MIR3199-2	12.2938278284868	227.790669979864	0.969247257138705
DQ587809	10.9593204392375	267.779887442632	0.944615999418731
MIR548AC	-13.4372345181501	2699.80023371075	0.994732253142483
MIR711	12.3187391698394	262.253524089506	0.971590496258083
MIR3938	13.3040543964003	383.132695918736	0.981435733488338
MIR4795	13.6500429535832	563.58383050645	0.986467339969483
MIR548G	-13.0247571589215	2597.29998478725	0.993260916951246
DD413694	11.7770039461364	622.293037025163	0.97248056383056
MIR1224	10.8375600609036	83.9622914135114	0.918731381239555
MIR943	11.4482210458776	948.466223970569	0.969156433917024
USP17	14.1933702602236	430.091247723406	0.984669040180193
MIR548I2	18.1675382455349	7710.74180895491	0.999346072803895
AB059369	14.3829576639382	280.695112930197	0.979364964034004
DQ589421	19.8066971411721	580600.379476103	0.999945506066991
DQ583133	17.9005741479116	171506.063977881	0.999782024267965
DQ581767	19.3966734604221	451531.623466616	0.999945506066991
DQ584082	14.3754380162112	13903.5557628692	0.998510499164426
MIR572	11.5812061899706	125.815754296104	0.947794812177578
SLC7A11	-12.3580879992073	75.2620441560502	0.942054784567318
MIR3140	12.8148913915627	731.936320288916	0.985958729928068
MIR4636	10.9000301252151	93.1598213460006	0.923526847344329
MIR4279	11.1569604637418	153.557655522851	0.942508900675725
DQ570835	12.6594686720653	3086.73175225768	0.992298190801424
MTRNR2L2	-15.0063395921986	9213.05212601711	0.998855627406815
JA429135	9.8321811445365	5006.23014772018	0.910847925597617
MIR3936	11.0207752809727	73.6702458090466	0.919748601322386
VTRNA2-1	11.3776138134723	103.788617892226	0.939293758628206
MIR143	13.1954124307892	415.906702109019	0.981744532442055
JA483376	13.1954124307892	1524.9912410664	0.991498946450629
CBY3	13.9951206388481	227.752237162706	0.97607716340914
MIR1229	11.4280918200852	155.776394001949	0.949302477657487
DQ589679	10.3082589836534	170.476471161353	0.915280098815665
MIR4645	12.2479699425661	246.454223369572	0.969792196468793
DQ599995	10.8298785707999	244.788822677403	0.938912301097145
MIR548A1	10.8298785707999	73.1842871922132	0.914190220155489
DQ581281	11.0386570716429	293.030147821615	0.94754050715687
DQ573101	14.5512304766951	3122.67975804332	0.997402455859914
MIR4640	13.3498697126318	452.623457309802	0.983506502942672
PMSP	13.2256076095107	200.935309583581	0.972426069897551
JA611279	12.2975456501843	265.412921192883	0.971427014459057
NGS-17	-12.1117635711455	37.5325643204041	0.903691055729129
DQ586570	12.0887156645139	1327.25520390493	0.982525612148514
DQ597719	11.7623101601649	1094.95059970144	0.976149821986485
DQ586674	11.7623101601649	1094.95059970144	0.976149821986485
DQ594165	11.7037260902179	1016.32012137384	0.974315192908523
DQ578525	11.0813458025198	707.242504782036	0.95716776865509
DQ571282	10.5989328473927	472.394387569471	0.937967739591659
DQ570892	10.5989328473927	457.155858938198	0.937749763859624
DQ586217	10.5989328473927	472.394387569471	0.937967739591659
DQ579683	10.5989328473927	472.394387569471	0.937967739591659
MIR4462	10.8362826494262	122.939223299963	0.928122502361404
MIR586	12.3759050208745	213.783966201113	0.969374409649059
DM119538	10.900641364411	338.906618957062	0.944906633728112
DM119539	10.900641364411	338.906618957062	0.944906633728112
MIR4282	10.900641364411	111.282770403811	0.92785003269636
MIR4643	10.8565867346117	92.7127186077941	0.922291651529463
MIR2113	11.0834923961509	93.0105132723201	0.928449465959457
DQ591448	13.2523131339446	1312.83819153417	0.991153818208239
CRISPR_DR35	14.6921019342927	2869.15769865653	0.997039162973189
MIR3145	14.0577089313348	1259.60392713346	0.99309743515222
MIR4644	11.7206571407592	156.736926883942	0.954988011334738
X07060	12.2975456501843	87.2913607478816	0.947649495022887
MIR589	11.839225689719	144.383732376151	0.955351304221463
DQ594582	11.8030658568036	464.669321840118	0.970173653999855
MIR3146	11.4453709267753	137.697816082563	0.947213543558817
MIR196B	10.9628366664823	92.6735260962883	0.925506793576982
MIR550B2	13.1013709590841	353.504082806575	0.979637433699048
MIR550A2	13.2437873084936	390.185092668489	0.981363074910993
DQ584906	11.834068617767	1401.53661513957	0.978420402528518
Y00482	13.3103935021005	90.9093181084225	0.952517619705006
MIR4283-1	12.0756130061917	870.18666295962	0.979982561941437
DQ580039	10.4842008771166	289.011853328677	0.928976240645208
MIR4650-1	10.6665252398635	120.741436177805	0.922146334374773
DQ596866	10.7872676222911	997.089231170933	0.949556782678195
MIR4284	10.6520587798528	320.269451364555	0.935751652982635
MIR548M	13.2419796128938	439.541341258299	0.982798081813558
Evf1_1	12.1796060412577	100.547335517329	0.950937295647751
Evf1_2	12.1710182132116	86.9134467360313	0.946250817408995
DD413568	12.3508517481521	926.362498277149	0.984105936205769
DQ595418	10.8311616627449	253.75698844269	0.939384581849887
Mir_875	13.6232589895791	1969.45069509927	0.994169149168059
MIR3666	11.0461330712545	443.622977587922	0.9520635035966
JA429116	11.6958684304708	588.252195118351	0.969992007556492
LOC100129148	-11.0039431461973	87.9614333432359	0.924889195669549
TCRBV19S1P	-15.3913635126583	6134.86553256692	0.998764804185134
MIR597	11.9419721727066	158.241229243241	0.958766257356681
DQ595103	11.3519201686089	392.137963286701	0.959184044176415
MIR3148	11.3519201686089	132.410221369535	0.944161883310325
MIR486	11.6948115829949	190.177478889379	0.957276756521107
JA429246	11.6958684304708	616.264204409701	0.970645934752598
MIR4469	11.6958684304708	163.817066994984	0.955333139577127
MIR4470	15.0049204492793	1781.94944246195	0.995222698539563
MIR4661	13.8337681737097	759.623007043401	0.989573494150985
MIR378D2	13.1030980569607	350.316069939968	0.979546610477367
MIR599	10.6555608646099	95.8613804553285	0.916533459274867
MIR875	10.6535583581684	119.660414549407	0.920929303204243
DJ439530	-9.86440243889672	1790.475639655	0.911411029572041
MIR4540	11.4996359374381	205.367918328439	0.954988011334738
DQ578098	12.7937543240168	923.488163135983	0.98735740754196
MIR548Q	-12.6786079652509	1300.59749712251	0.988737920511516
MIR3134	-12.8945920137129	2041.44687767411	0.991626098960982
MIR181A2HG	-10.977470933888	64.8060089525532	0.914226549444162
MIR3911	11.1841071345805	120.540142258342	0.937713434570951
MIR3689F	10.6489022605465	94.8712101997874	0.915770544212744
JA040725	-20.9640718159545	51967.4088871969	0.999891012133982
JA040723	-20.427849475273	35743.8419123365	0.999872847489646
AD	1	-16.3415344025224	12673.9301636638	0.99941873138124
cytochrome	b	-17.2626761867325	5522.04561194985	0.998855627406815
MIR532	10.8496393889325	79.0860774536205	0.917096563249292
Mir_500	12.0069958623099	182.468397007559	0.962235704424907
MIR500A	11.9231435371708	180.361011261304	0.960164934970573
MIR362	11.2322196520446	144.361389784585	0.942926687495459
MIR501	11.9207349196381	180.060067511274	0.960164934970573
MIR500B	11.9780393816348	199.216051769092	0.962780643754995
MIR660	11.9780393816348	162.248124636683	0.959801642083848
MIR502	11.9780393816348	183.000791741375	0.961509118651457
XAGE1C	-11.6512588815944	135.55334300662	0.950664825982707
JA611242	13.4231719897313	2142.97851290472	0.993878514858679
MIR4328	10.7604332133166	607.58106246042	0.945560560924217
Mir_361	13.0908308246106	472.781433216497	0.982961563612584
DQ580189	13.0908308246106	1215.72368541385	0.990300079924435
MIR514B	10.9552073132086	96.7937171276139	0.926887306546538
MIR510	10.9552073132086	104.641856354177	0.928667441691492
MIR514A1	10.9552073132086	79.0152792878481	0.920783986049553
MIR452	13.3164758545947	468.281622260752	0.983724478674708
