Name	MvalueInSignal	DvalueInSignal	ProbDiffExprn
C1orf174	9.0926896352695	194.211018155932	0.955429102310998
PER3	6.80405185572731	113.305502922217	0.903599272248674
UTS2	6.71229201723861	371.526596326931	0.921269693802501
HMGCL	9.02182099117901	50.0634257604836	0.91047110285294
FUCA1	8.69907011191946	156.6226536554	0.946617117640228
PAQR7	10.8350582528195	310.304566335228	0.975083033329462
CD52	9.27247524472902	57.3420931923513	0.91877521000271
TMEM200B	10.3794456329146	51.0637939693826	0.918945534781094
RBBP4	6.69753796035821	179.85745700546	0.911053303913599
SYNC	7.20335240903517	408.036503880195	0.935716331823636
C1orf212	10.7267187379006	59.2608632886648	0.927217125382263
TESK2	7.81279299186992	242.612071197198	0.942050865172454
NSUN4	9.71146659312108	69.2328257172474	0.929835481748152
CD53	10.4929140803473	662.588767394892	0.981724151279371
S100A12	10.5205571640973	454.204267552176	0.978678434560446
PMVK	-7.48138842232378	103.883545689184	0.917569000890334
FCRL5	11.425724056484	109.841700692205	0.952352417450548
FCRL1	6.33776400336442	255.732241906564	0.903230751364534
SLAMF6	8.87066593265055	134.690831676694	0.944715673750629
SLAMF7	10.7203661449288	66.6553238004397	0.932480161034336
FCER1G	13.2646419063007	529.697350306975	0.986932992683777
SNORD74	10.783935392677	464.163728528231	0.980197421902218
BTG2	8.84627659281169	329.765032983356	0.961251112917586
CR1	8.80596396560499	42.7853812562316	0.900822978361011
TAF1A	10.0430730423378	101.669121767849	0.945251422599001
WDFY4	8.22663580562898	104.599865496848	0.930204002632292
LRRC18	8.39246461678671	139.559975525589	0.940161808539465
SPOCK2	9.40034982880909	39.4920608728345	0.900699105794914
BC082979	9.08158185609869	51.0731660633866	0.911915766655054
NHLRC2	6.68788038939949	132.851831240449	0.904839546316727
MGMT	9.24389733688796	1468.1630820436	0.976524600317423
PWWP2B	8.10807635851414	86.7349414975667	0.922692679905547
TRIM22	7.85804065750211	53.7111497928529	0.90073317075059
LMO2	10.4951557941439	89.0023396041886	0.942702744551543
SNORD30	10.7293141900254	623.027844652339	0.982461193047652
SNORD29	6.75778860725258	253.36901207748	0.917990167615066
AK092098	-8.95361898701533	114.431866313549	0.940747106414276
RAB30	7.05230591689779	121.443905316176	0.912022606743313
BC036195	6.88822350284459	155.434350330609	0.913279913289204
CD27	10.5305014940878	53.5853630949234	0.921793055394263
GABARAPL1	10.8661244810072	40.334782643676	0.907687066929896
ITGB7	10.8931485539134	261.614436947139	0.972249448379979
CALCOCO1	8.61590573904233	51.0181343073714	0.90781248790307
NCKAP1L	9.68074018759115	82.9710647994434	0.936391437308869
LYZ	10.5461612141977	160.564442159667	0.961088530174583
PRKAB1	7.96865733049877	184.351636148537	0.939993032168157
RILPL2	8.7236085987057	47.6672739617939	0.905584330120389
C13orf15	8.83130968738867	69.489410520867	0.923202105833624
KIAA0226L	8.69076932291351	50.5539859249281	0.908001393566369
GPR183	7.58758598283612	197.388912861544	0.934332055897495
PELI2	7.15676671227939	90.985087175162	0.906722409321411
KIAA0247	7.38140051524493	506.396589333738	0.941699376766152
TDRD9	8.38679190979775	129.767775959394	0.938378043587659
IGH@	6.73188635992959	598.521833069614	0.925408585917238
DKFZp686O16217	6.73188635992959	319.937858863636	0.920201292919909
IGHE	6.67611793358402	479.268678684166	0.922506871056401
C15orf29	6.79177895893863	316.035773864389	0.921729570704138
LOC100287559	9.53096343852816	204.689267848098	0.960464522122866
MTHFS	9.51758153307076	66.0793980102522	0.926703054232958
ST20	6.64044739753332	240.110377549271	0.913459528510045
UBE2Q2P1	7.76898575840088	269.560994874075	0.942806487825649
CEMP1	7.99297475894413	87.9755806321926	0.921370340262455
MGRN1	9.41767389524381	130.997935834204	0.949495606394921
MYH11	8.40359120758704	70.7606091639098	0.919348120620911
XYLT1	8.17008381984388	68.9939794219219	0.915590136646924
IGSF6	8.71541175960248	99.7010026729042	0.934403282623002
PRKCB	8.56507699704583	155.339658120136	0.944881353307785
KIAA0556	8.38077622394741	68.2772358464228	0.917850810978206
CD19	9.92742572800677	82.434324635054	0.937532613324043
YPEL3	10.7658078762168	326.121854074868	0.975720977044865
ZNF319	6.83242575179942	195.605405543695	0.91582549452251
P2RX5	6.51036113380309	149.479737209671	0.901494987032091
P2RX1	8.23570580393743	82.0029482843409	0.922706615569233
PIK3R5	10.1665995696143	78.554259914619	0.93689466960864
DRG2	6.4829865056599	158.300359899047	0.901501180660396
MYO1D	7.96217106960443	258.478387601651	0.945613749854837
BC030591	11.0081762419858	66.2365084307217	0.932964812449193
HEXIM1	6.16052650257657	403.177024082153	0.901549181279758
FLJ40194	10.7731510629819	88.5413231088748	0.943466109240119
TACO1	8.30116713847924	192.469170563317	0.945750009677544
RHBDF2	9.77091311169583	79.4126878617098	0.935313745983819
TCF3	7.39036295442667	106.577127679725	0.916344210893044
FCER2	10.3663426219061	655.728624842535	0.981045948979987
LOC284454	-6.90468097089701	282.069787855746	0.923112298223203
IFI30	11.1996290564814	202.368334552464	0.968347462547904
ZNF383	7.42276319244821	68.4446192997107	0.90304803932954
GMFG	9.13987004152381	525.444578087341	0.969609414315023
ZFP36	6.53067886443979	401.800432274868	0.915916850540007
C19orf68	8.50006849973896	106.075497627538	0.933954244570898
MYBPC2	9.44214001024355	91.1569366668524	0.937981651376147
ISOC2	-8.41028670245317	66.11931018394	0.916873766113111
ZNF419	-8.64866393701032	78.4020445423612	0.925718267332482
ZNF551	9.56774267980434	41.5062437110251	0.904545348972245
NT5C1B	10.6438610933519	62.646321415694	0.929443734757868
PROKR1	-7.68776497815942	84.3441341916818	0.915337746293501
ARHGAP25	9.45044911295363	567.870265765382	0.973288429528123
RNF181	8.70093474579319	59.1350285492596	0.915215422134479
ST3GAL5	9.44593287580805	896.416795904051	0.976544729609414
AK128525	8.94377434690439	639.141071254868	0.968712886617892
Ig	kappa	8.94061155754181	1795.42184081686	0.973526884217861
AFF3	8.74897851670162	241.496983726308	0.95545697363837
LOC150776	7.19666857526146	94.6271932547698	0.908882437192738
CXCR4	6.33878935915579	510.871026753746	0.909980257809778
KYNU	8.18993670089281	480.714450274296	0.956641505051678
CDCA7	7.07735318042182	252.695015898235	0.926908992374095
ZFAND2B	9.543717642687	140.213306348855	0.952271900282584
ITM2C	8.33592427567087	360.163056991323	0.955924592575388
DIS3L2	7.04574045018771	207.646716176189	0.92279797158673
PDRG1	-8.01289284604599	61.2618249613601	0.908625401618085
FITM2	6.99931825789418	92.6649362495297	0.903419657027833
LINC00266-1	7.88577500294993	66.8874381707092	0.91033174621608
IFNAR2	10.9371418261968	397.710101772721	0.979125924205474
IL10RB	10.4614927287465	574.505054634388	0.980483877211319
ITGB2	9.21380205577969	71.9922512611389	0.927755971044788
IL17RA	9.66231323900706	50.898365278232	0.915664460186583
DQ570096	7.35404617474787	1520.4270321958	0.946349243216042
RNF185	9.18282369405024	157.349893283626	0.951863120814462
APOL2	6.55549442806713	199.35871373104	0.907879069407347
APOBEC3C	8.98094500153272	1065.51881888474	0.972266480857818
TUBGCP6	8.30090085934647	88.0211962171942	0.925733751403244
IQSEC1	7.27346173573279	184.062190786771	0.926156466535052
MYD88	9.06772444903797	53.2389185077192	0.913759919482832
CCR3	7.75313812975336	246.872640337308	0.941110982077188
CCR1	9.45327278299292	182.861681553101	0.957655711686602
AK125532	8.48138306232534	57.5231468943803	0.911850733557852
TMEM30C	10.9500815935921	105.05913470013	0.949720125420973
CD200	11.0312179838072	44.7011676355854	0.913855920721558
BTLA	11.5811303921656	164.120226915697	0.964765996980606
SIDT1	9.59321201327583	132.080071309493	0.950985174002245
PTX3	7.11671920395074	82.1114455465117	0.902775519684125
ST6GAL1	7.98296204936383	60.4851935221148	0.907577130027484
BC042823	7.09760446479013	170.345934116635	0.920881043626369
RHOH	9.37241589768509	71.0841403093022	0.928536368211203
STAP1	9.67226793889843	151.465812289207	0.955040452134866
PPM1K	10.0502129746788	139.083413381944	0.955274261603375
BANK1	6.576003494219	333.070728025168	0.915467812487903
NR3C2	8.51775880480699	126.21263626994	0.939243603143266
LOC729506	7.97741327651123	60.6464757823594	0.907687066929896
FAM173B	8.93276262427905	382.87627191741	0.963980954592963
IL7R	10.0588206286333	114.754427319005	0.94901250338714
GAPT	10.0616758903728	107.027842745685	0.946970154453606
CD180	12.4824676405026	389.857614989324	0.982676421631247
MEF2C	8.02275060975555	97.6247954784085	0.925159292377966
LIX1	9.67088454950009	51.6911598252479	0.916489761158208
C5orf56	10.3145628943508	284.110277663996	0.971264661479503
IRF1	10.1564158847779	158.242360349361	0.959033793984439
CD74	7.36257328675114	775.461430061623	0.944043665079549
DUSP22	7.99416998631067	122.40261899299	0.931116014400186
MGC39372	9.57518356135383	62.1438387445154	0.924417605388457
NEDD9	8.59427502529019	47.3984312470205	0.904102504548446
GPSM3	8.07710648370522	146.06792419387	0.936900863236945
HLA-DRB6	6.47328927592078	306.140092582993	0.911153950373553
HLA-DQB1	7.44493582362131	94.7929735590099	0.914148569658963
HLA-DPB1	9.87114330492047	107.54423201127	0.946002400030968
KHDRBS2	6.88344925519036	290.071983443317	0.923044168311849
COL19A1	7.44961382149922	65.7470455306936	0.902153060039484
L3MBTL3	8.46361293767299	55.0104025656958	0.909641156660086
TMEM242	8.41813903864211	137.960842559412	0.940285681105563
C7orf41	7.07297380820367	177.523915947183	0.920823752564549
ZNRF2	8.39388051622844	205.959525606157	0.948199589672125
ELMO1	8.13833723557558	344.839797118415	0.952484032052026
POLM	11.9861844127909	59.0470753697103	0.929479348120621
IKZF1	6.80645504465551	162.896396995331	0.912134092052801
LAT2	9.28727110108111	48.010234201727	0.910588781790733
CDK14	6.56922305987516	374.580595700153	0.916412340804397
CYP51A1	6.67694209234705	207.799179416853	0.912790616653118
AK098095	8.89908230141732	233.582157626344	0.956435566910541
CLEC5A	11.1499879615694	149.654616155878	0.96142143769597
TMUB1	7.39136910944864	109.092004267471	0.916988348236751
DEFA1	9.68551374067879	89.2689176230435	0.938957147834166
BC030294	7.69746159208976	195.991823719132	0.936476599698061
ADAM28	8.72706239181596	100.416715529879	0.934734641737313
RNF5P1	-7.08416556065661	110.781006386151	0.910505167808617
TM2D2	7.79908086828268	138.428914428434	0.931160918205396
ATP6V0D2	9.86772445634563	137.597165271749	0.953931792668293
TP53INP1	9.02182699442402	105.216174722038	0.939028374559672
TATDN1	7.50434650182299	397.602877442014	0.942354352959393
DOCK8	8.92775209585085	123.666259736447	0.94299074826772
MOB3B	8.09656131872441	84.5191531788208	0.921765184066891
TESK1	-7.46710654058465	104.101808812335	0.917471451244532
NPR2	-8.51195674617729	103.033534918322	0.933215654395541
SPAG8	-10.8173307955472	176.982958495077	0.964414508574304
RNF38	6.5036563934362	223.419820683829	0.907975070646073
ABCA1	9.89023064341034	54.3114614909938	0.919939612124027
TLR4	10.60213659901	43.8932693273396	0.911815120195099
PTGES	9.01113925383322	46.1277872505574	0.906347694808965
PNPLA7	8.82459522104425	227.574743844115	0.955218518948632
AKAP17A	9.47813033846327	64.2839816545967	0.92522742228932
ASMT	8.55621473156084	153.461934030814	0.944466380211358
CYBB	8.97083069172791	72.526335127289	0.926009367862811
RP2	7.09483294288999	77.6775251569973	0.900126195176712
PPP1R3F	8.83393652527049	51.9768770466154	0.910660008516239
P2RY10	11.3283197950712	398.654228919364	0.980473038361785
DOCK11	8.40869830190135	186.861306395003	0.9466775055162
RNF113A	6.67425141134636	232.676551067157	0.914119149924515
ELF4	8.26764054646835	49.1921965496338	0.902479773932567
MBNL3	9.77808224033584	43.23430405688	0.907908489141795
MMGT1	8.64241202721711	67.968671036208	0.920467618937019
USP9Y	7.41003918691778	74.3980568029134	0.905657105252971
SNORA57	-8.43606754660328	272.826867738659	0.953521464793094
EMR4P	7.61364834587171	250.363576847576	0.938757403321333
FLJ42351	10.5088628280429	44.2520234921419	0.911945186389502
TREML2	9.16757022332012	64.1704590685899	0.922864553091008
DYNLL2	9.82678053982796	132.524276137584	0.952641969573801
RBM38	7.13993690240191	77.1638545739907	0.901001045174776
FLJ42393	10.6883663731637	76.5447237851753	0.937733906243952
RAET1L	-7.95638701624603	66.2853363627436	0.911113691789571
LOC100499484	7.99068975114504	397.270569774168	0.951578213912438
MIR761	-7.66518184508078	316.243435004073	0.943196686408857
MIR675	9.62059664799238	168.23825206432	0.957171060271745
MIR483	9.62059664799238	161.597268430202	0.956266790539233
MIR4686	9.62059664799238	161.597268430202	0.956266790539233
DL490908	8.17925345246542	329.334719838726	0.952479386830798
KIAA0855	6.04423675123984	8183.37121483433	0.90480548136105
HP06981	9.69207562512449	594.928762144535	0.975606394921225
ST20-MTHFS	7.2641530170065	176.653973788511	0.925235164324701
MIR4719	10.9253792252089	361.472851417193	0.977843843146363
DQ588114	-7.28517048115448	2773.98505254881	0.946115433747532
DQ575049	6.82007606338717	184.676054968736	0.914661092401192
MIR3921	10.7745687335806	463.739062631385	0.980141679247474
MIR572	9.2100388866729	97.2191714797971	0.938204621995123
DQ570835	8.07055617951975	214.390031875031	0.944299152247126
MIR1322	7.92707399864128	91.7201336700888	0.92176982928812
AX746775	8.48981770173716	155.711219975369	0.94397398676112
JH8	7.22846734292951	201.517999933009	0.92689041148918
MIR661	-7.05129401065084	196.495112934041	0.921882863004684
