Name	MvalueInSignal	DvalueInSignal	ProbDiffExprn
PAQR7	8.35166478122144	30.4679354040952	0.926644214764061
TINAGL1	7.55479882309447	51.771846953552	0.943386366275694
CD53	8.42212464955211	102.333655074839	0.970851236790152
S100A12	9.63748721428471	152.902783073721	0.985367553129718
PMVK	-7.31046025640181	70.9114872081585	0.947896101885186
FCER1G	10.2586667278941	41.2565871221185	0.956799442573453
C1orf192	12.0440701066948	33.0418099149444	0.947005767816359
SFT2D2	6.69429315735649	34.6579799017654	0.908450431618472
SNORD74	9.53680086554352	72.3649055101453	0.973425463554368
RGS1	-10.0759502077948	22.8205792896667	0.916734409476251
CABC1	-7.53003420565284	25.1752607487583	0.904482638485658
DKK1	10.2695459021206	38.5450503983884	0.953412302094221
CUEDC2	-8.6427418928799	38.5731311352633	0.943831533310107
MGMT	5.9958038383198	116.01266868058	0.925405489103085
SNORA23	-10.2783264914553	22.6007431243432	0.916579568768629
MPEG1	7.94991490121634	42.2734619066259	0.940889559865289
SNORD30	7.21176109630308	48.6303634089367	0.935044323152557
AK092098	-7.39633765037105	25.6301972115511	0.90330197809004
TMPRSS5	11.1571675166671	24.7687684968477	0.926334533348817
ITGB7	8.43404672083905	25.5693042540142	0.915902140672783
LYZ	9.32658295617928	56.8913795359888	0.965025355165873
SNORA27	-8.54794805239841	69.7903823587552	0.964309216893121
C13orf15	8.81920583662367	32.6366700004759	0.935354004567801
RCBTB2	-8.20405270670448	33.3711396466293	0.930902334223667
ITGBL1	6.84513954073829	33.5028401189451	0.909747222544807
NOP10	-5.69411153921139	75.476448887548	0.908643982503
DQ586540	-5.11425831316905	1188.29502717181	0.90274068052491
PATL2	8.7804963027133	56.0401805900085	0.960322068671854
LOC100287559	7.65906018817252	32.9694443161296	0.923508690434715
KIAA1199	8.68932545215181	27.8294970973185	0.923953857469129
YPEL3	8.79530050770853	52.3586469212993	0.958444625091937
ZNF319	8.08765812055582	307.713005099094	0.97448999341927
C16orf70	6.9379669207993	29.4751505451308	0.903495528974567
ENO3	-8.40045066025014	32.7974398699629	0.931657182673325
DVL2	-8.84250224289965	25.9464511792153	0.920547361901444
LOC730755	-8.97734853525715	41.6290011121362	0.950567104091666
BC045769	-8.30192595575476	36.0023096345873	0.93639917934425
FCER2	6.71536713451856	53.6618250880424	0.928231332017187
TSPAN16	7.9487262877128	32.8748672329978	0.927108736886928
AX721123	7.2117137973932	37.5804526085337	0.923586110788526
IFI30	9.77812348687407	21.0913840037974	0.90941818604111
GMFG	7.42078459172924	84.3581583926331	0.953915534393992
ZNF419	-9.51983865666205	21.270641985625	0.908837533387528
LOC100506054	-5.958396088152	67.0702958792665	0.913637595323811
ARHGAP25	7.56356413986358	95.0210663115735	0.958270429295862
PCGF1	-7.79415658967286	48.2807623421647	0.944605736848217
ST3GAL5	7.16409677890068	70.3941241693893	0.945147679324895
AK128525	6.99562783889293	101.923394245536	0.949947741261178
Ig	kappa	7.00029007560086	286.69139089834	0.956838152750358
AFF3	6.64318514153886	42.802215200313	0.917973135137228
KYNU	6.52115923587126	90.6956022120772	0.935354004567801
CDCA7	6.29381512646633	50.5676395250727	0.915166647311578
ITM2C	5.82699414664071	57.1257040949108	0.906127821004142
SLC2A4RG	7.1555100040685	32.7066103343097	0.914740835365618
IFNAR2	8.63608630978311	51.0757172877575	0.95621878991987
IL10RB	7.52904769261166	67.866513172233	0.950257422676422
DQ570096	9.05789304578307	2501.45482155098	0.987554678124879
SYN3	5.93563274715176	79.1158863278735	0.917353772306739
TIMP3	9.09690295948906	41.1456520751472	0.950760654976193
APOBEC3C	7.26505980739869	180.655011560459	0.959567220222196
A4GALT	7.44629696558344	26.5946383770971	0.906669763480819
ADAMTS9	7.90422687335834	31.4285512670746	0.924069987999845
PLCXD2	7.3376797794141	37.8165203050702	0.926392598614176
PTX3	7.06535034897769	114.556851058089	0.95242519258313
LOC152742	9.9561335416747	28.0578953375861	0.931947509000116
RHOH	8.42458182352839	35.1350408972989	0.935895947044478
STAP1	7.57894066564908	24.9170076541291	0.904172957070414
NR3C2	6.85309590050325	30.0847447143982	0.903476173886115
DKFZP434I0714	-8.8727176777766	57.104187942128	0.961618859598188
BC034630	8.92823185327435	32.193805055741	0.935586265629234
FST	8.6064086686731	21.8195977405633	0.904908450431618
CD180	9.59185578936348	30.3745542840608	0.935760461425309
C5orf56	7.35888635065041	31.0367691760274	0.915186002400031
CXXC5	-8.47888080225928	54.7084182037609	0.956799442573453
BPHL	-7.6210768044341	24.2698943392475	0.902856811055627
HLA-DPB1	8.90424130057301	32.9200385793195	0.936534664963419
SLC22A1	-8.21537238934378	42.7618534669637	0.944586381759765
ZFAND2A	-9.34855527965317	20.3787388406704	0.904172957070414
RP9	8.29016830870826	37.512752479847	0.939050826462277
DQ594967	6.98088580095433	40.921874207681	0.923102233577207
ELMO1	6.13953234384787	56.7045484207592	0.914218247977393
RNF5P1	-5.92569116716754	60.861933865383	0.91032787519839
AB209185	8.05647332662827	22.5430883193812	0.90239228893276
TESK1	-6.19558521591117	43.8207228159332	0.90653427786165
NPR2	-8.29261049247065	22.8936677408307	0.906031045561878
SPAG8	-9.94801258435103	39.2914372868486	0.953528432624937
P2RY10	9.04246095041138	36.4664739140311	0.943618627337127
SNORA57	-7.84325539492966	60.5825805738241	0.952154221344792
WIPI1	-7.81159365650764	24.7045682376489	0.906805249099988
AK294743	9.49366494175845	39.2867472960198	0.951263887275965
DYNLL2	7.8808101204137	26.0440421224734	0.911179499090311
FSCN2	-5.59424562481957	71.7735004259854	0.903979406185886
DQ601342	7.49438742499759	24.9903369745954	0.903127782293965
Mir_548	-5.49432998107582	634.550905763965	0.915708589788255
MIR761	-5.95554856262062	85.0551695114461	0.919637672744164
FU270192	8.03260962434671	156.978313251264	0.970735106259436
FU270182	8.82882499821423	122.055930080759	0.977431966864089
FU270198	7.07983935605579	66.2948951723667	0.941683118491851
FU270200	8.55362344143403	69.635472328782	0.964251151627763
FU270193	8.12553896772221	74.8595065324799	0.961754345217358
MIR675	8.99349985697964	27.192391822916	0.924592575388069
MIR483	8.99349985697964	26.1190079351693	0.921921573181589
MIR4686	8.99349985697964	26.1190079351693	0.921921573181589
SNORA70G	5.81866821537703	1004.75469975414	0.927011961444664
LOC100507250	5.79997784970636	82.0972599813175	0.914024697092866
DL490908	10.1692699706633	542.166705856764	0.992606356211048
MIR4719	10.287824798682	58.0265788883369	0.970173808694306
DQ593908	-6.93589744681895	46.4184700345459	0.927457128479077
DQ588114	-7.7061812113402	2169.31684292284	0.972148027716487
AL122050	9.14911073779984	26.4834027507766	0.924321604149731
MIR3921	9.44954234213133	75.1042589673403	0.97392869585414
MIR570	6.05414248707509	62.3284492231122	0.914411798861921
DQ570835	9.49687012455284	344.292439976585	0.988096620601556
HCG25	7.27584148957389	42.3976932244197	0.930399101923896
JH8	10.0483364244002	333.542916073029	0.990825688073395
MIR661	-6.75378148652598	43.5490179502459	0.920779622962877
