Name	MvalueInSignal	DvalueInSignal	ProbDiffExprn
ISG15	-9.39371073355607	37.4004379342825	0.927080025549776
MORN1	-7.31728795296105	52.409207123926	0.91638835660188
MORN1.1	-7.8971095832859	56.6239754181437	0.928593393557806
C1orf174	6.62677979218502	139.04685900441	0.92062095081668
UTS2	7.87994483267714	184.210481670424	0.953688292727439
MDS2.1	9.03347427662932	33.1511870431151	0.919775526964139
CD52	10.7701633642305	47.7579375274604	0.94184186513368
EIF2C3	6.52654915182739	190.943107326594	0.921361438087417
RNF220.2	-6.86604053299938	51.6090774673395	0.90537092800438
TMEM53	-9.6730066039279	77.635728825822	0.953856647504334
TMEM53.1	-9.6730066039279	129.983471291366	0.965569851263801
TESK2	7.02679808321798	133.558214784835	0.931623323295921
TTC39A	8.30358492559769	46.0146436347239	0.926703622593302
TTC39A.1	8.08074384050144	28.8529512260276	0.905046080846793
TTC39A.2	8.08074384050144	28.6349972779173	0.904686558992609
TTC39A.3	9.02912800211804	42.2299296925079	0.929847613833379
PDE4B.3	9.19467425617254	30.5050367488707	0.917053107035313
ST6GALNAC3	6.89666413981318	198.100440807568	0.934087507984305
ST6GALNAC3.1	6.6795287257939	71.1857185041431	0.909015421115065
CLCC1.2	8.1329191194011	47.7648985007416	0.926045715849986
CD53	12.0685352961677	361.003632566538	0.988071448124829
CD53.1	12.068410726029	362.124250325507	0.988099735377315
DQ590126.1	7.4550144240786	86.0907528645746	0.932447303586094
LOC728855.2	-8.32254236246266	70.2194716776154	0.940280135048818
BC065231	-7.39628648232684	201.692000701293	0.945993703805092
S100A12	12.8312386595726	223.766967920687	0.983260790218086
FCRL5	12.0299638550362	59.4287264995749	0.951576786203121
FCRL1	7.78805078794179	54.7451666633703	0.925834930194361
FCRL1.1	9.01830881143517	137.431155678173	0.962118350214436
FCRL1.2	9.01830881143517	137.56359816678	0.96213660005475
FCRL1.3	9.01830881143517	143.270485477814	0.96288256227758
FCRL1.4	9.01830881143517	176.228593042463	0.966469112145269
DCAF8	6.48950537499296	242.804241007687	0.922667214161876
DCAF8.1	6.49114677120096	330.857499165883	0.925196642029382
SLAMF7	9.28897843686903	32.8974356711731	0.921037503421845
SLAMF7.1	9.28897843686903	94.1134348108936	0.956296194908295
SLAMF7.2	9.28897843686903	121.077063517045	0.961677616570855
TSTD1	7.0732878035158	120.318445385619	0.930708550050187
ARHGAP30	10.3951747220776	22.7171686187668	0.906659366730541
ARHGAP30.2	10.3951747220776	38.7047991190909	0.932561365088055
FCER1G	11.7486765806942	261.74274481101	0.984072451866046
FCER1G.1	11.7486765806942	508.84855981351	0.990453052285793
NR1I3.11	-8.77915337964643	30.5494757549312	0.914298749885939
NR1I3.12	-8.77915337964643	24.4711562894797	0.903523587918606
NR1I3.13	-8.77915337964643	30.5494757549312	0.914298749885939
NR1I3.14	-8.77915337964643	24.4711562894797	0.903523587918606
NR1I3.15	-8.77915337964643	39.4597395167861	0.925280591294826
NR1I3.16	-8.77915337964643	29.8748816530873	0.913326033397208
TIPRL.1	6.39670987788793	182.568746221855	0.916794871794872
SNORD74	8.33559439466717	251.870355681265	0.964113057760745
ZBTB41	6.68729741382856	62.9417857269294	0.906048909572041
PTPRC	9.39144465008366	558.959511371079	0.981049822064057
PTPRC.1	9.14874319921771	140.886903536877	0.963633086960489
PTPRC.2	9.14874319921771	154.926180287096	0.965350853180035
PTPRC.3	9.27471316367436	839.62426722039	0.981882014782371
PTPRC.4	9.27470716586253	1526.95738247628	0.983399032758463
PTPRC.5	9.27470716586253	2359.84322746334	0.983965234054202
BTG2	9.07958458095931	168.692198968646	0.96627383885391
PIK3C2B.1	9.88300021240506	32.0210993573236	0.922489734464823
PLXNA2	-9.20296146970499	34.1861740750268	0.922227393010311
LBR	6.25975258151314	98.044304482293	0.901037047175837
LBR.1	6.25967073159748	98.3055788476166	0.901087690482708
LYST.3	8.02847994168383	235.603798321172	0.958991240076649
LYST.4	8.20968952496792	156.023524542151	0.955861848708824
ZNF124	7.00536759590849	148.408071112534	0.932893512181768
TUBAL3	-10.6732276820044	46.6355003404188	0.940739118532713
TUBAL3.1	-10.6732276820044	49.9371286831033	0.943218359339356
WDFY4.1	7.2565878016393	52.7992205225318	0.915093530431609
WDFY4.2	10.2408024970275	53.0721600040874	0.944168263527694
LRRC18.1	8.63971729360477	101.074729383817	0.95250524682909
SRGN	8.51858952236614	71.5235572745195	0.942866137421298
CRTAC1	7.86678206605876	34.1078082327722	0.909674240350397
C10orf28.2	6.01501919931105	160.741100681547	0.900155579888676
C10orf28.3	6.01501919931105	580.955663511959	0.909686102746601
PDCD4	6.10128933964223	134.466813175373	0.900456702253855
PDCD4.1	6.10128933964223	137.566487244179	0.900797974267725
MGMT	8.22021617873825	724.450148920835	0.969923806916689
PWWP2B	8.49288501692339	47.8643659767062	0.93001277488822
IGF2.2	8.0685033215213	67.7624702154662	0.93615932110594
BC073899	8.01531171060417	47.1672987919654	0.924147732457341
MPEG1	11.2536693602261	22.1720079276514	0.906655716762478
SNORD30	9.34835287638386	307.599685398261	0.976092709188795
SNORD29	6.58910341690904	125.096202345873	0.917798613012136
COX8A	-6.30984419343732	106.673920573359	0.905713568756273
AIP	7.53308609387603	254.891825428555	0.951283420020075
CDK2AP2	-9.45129620591392	32.4278435835208	0.921205401952733
NDUFS8	-7.104167658202	75.6028014752839	0.921717309973538
AQP11	7.1648600278786	108.021680355253	0.930784743133498
USP35	-9.48887001809645	61.2241065020312	0.945791586823615
USP35.1	-9.50962345831341	49.4177948230439	0.938545031480975
USP35.2	-10.4060210777986	122.09159233461	0.967654439273656
RAB30	7.04130207432606	138.996001598536	0.932536271557624
RAB30.1	7.04130207432606	60.6562066275014	0.914761839583904
KIAA1731	6.47506481665562	439.54622878222	0.926715028743499
SCARNA9	9.87429158426895	3616.30052833228	0.988619855826262
ATM.1	8.5580806148313	560.271135131126	0.973166347294461
ESAM.2	-7.3518618736051	40.2401477083122	0.907932749338443
BC036195	8.73984165431018	86.475707184797	0.949815220366822
C12orf4.1	6.74874904005792	49.431938876525	0.90095172917237
CD27	8.04121345767315	26.4057801471708	0.900327128387627
FOXJ2	7.07601548965614	87.3824829117053	0.924630896979651
ASUN	7.75490856016935	114.209182518789	0.943465644675609
ASUN.1	6.72063187302695	53.8984810270235	0.902901268363902
FGFR1OP2	7.4044173132564	248.15112853969	0.948352495665663
FGFR1OP2.1	6.82061018030235	82.2144422384045	0.91632676339082
FGFR1OP2.2	6.82061018030235	85.4285870995767	0.91713431882471
PPFIBP1	7.63190224500349	208.831049762576	0.951024272287617
PPFIBP1.1	7.51603875874222	674.117413336861	0.957520302947349
ITGB7	13.019950741825	133.058069816908	0.974038233415458
C12orf10	-7.12455160591534	70.2536868305377	0.920328953371658
C12orf10.1	-7.12399303489838	72.1259079355685	0.920997353773155
NCKAP1L	9.82633514236159	45.3891962054353	0.936998357514372
OR6C2	19.7681897966832	13608.3597956508	0.999667852906287
SNORD59B	8.70028842177358	79.1762542537427	0.947263892690939
IFNG	11.9759482588587	79.6420144135124	0.960819417830094
IL26	8.58276756494857	94.2113278908706	0.950344921981933
IL22	11.8610794962828	86.0794327563101	0.962735194817045
LYZ	11.3892321211412	84.1078970384266	0.961439912400767
PPP1R12A.4	6.20821621854968	244.425961197392	0.911771603248472
LUM	13.3838310462963	72.2823193292732	0.958890865954923
DCN	10.2897923479791	97.4936794420238	0.962323660917967
DCN.1	10.2897923479791	105.1271131346	0.964014508623049
DCN.2	10.2897923479791	114.56966820657	0.965903823341546
DCN.3	10.2897923479791	125.155418416989	0.967726069896888
DCN.4	10.2897923479791	71.1599612849732	0.954081576786203
DCN.5	9.94822121553681	66.4169674535989	0.950722237430423
BC118985	8.02008556980725	452.636383739665	0.9646162971074
BC122534	8.02008556980725	469.735980458719	0.964840770143261
BC107595	8.02008556980725	477.877598808795	0.964938863034948
UBE2N	6.1068587164897	232.651430079471	0.907330960854092
C12orf42	8.4216813429262	256.92154619759	0.965268272652614
C12orf42.1	6.37030408285481	81.5599375096635	0.902726069896888
BC041342	12.2139004168978	32.2368935479091	0.927093712930012
MAPKAPK5	7.50593572812681	156.628831805944	0.944625422027557
MAPKAPK5.1	7.50593572812681	156.173956205346	0.944574322474678
DQ586768.2	7.95302416352097	135.838569009126	0.9497499771877
DQ579288.2	7.95302416352097	135.838569009126	0.9497499771877
DQ587539.1	7.95302416352097	117.726759807909	0.947086412993886
MPHOSPH8	6.95784116225831	164.473491325896	0.933348389451592
MPHOSPH8.1	6.84165769752726	107.956454071297	0.922233324208413
MPHOSPH8.2	7.26546993673474	396.028932657064	0.949263618943334
LHFP	7.52232672458625	604.297463496111	0.957095994160051
C13orf15	9.37829409068746	32.7836542972415	0.921335432064969
KIAA0226L	7.75346415232576	38.3581158169868	0.912754357149375
KIAA0226L.1	7.75346415232576	39.7201298385643	0.914145451227302
KIAA0226L.2	7.58428827928194	37.130224603291	0.908892690938954
CLDN10	8.50432910009343	69.0719088742011	0.941721872433616
GPR183	8.77689915497002	101.825043560389	0.953960671594124
METTL3	7.35332872184014	130.765124819554	0.938532712838763
METTL3.1	6.94940576753266	118.275111892027	0.927459622228305
CIDEB.1	7.51600480007762	38.119726181138	0.908723423670043
CIDEB.2	7.51600480007762	35.6353770692913	0.906120996441281
ATG14	-8.96876589854886	62.2076460610345	0.942858381239164
PELI2	7.76340178911959	49.9348345936142	0.922375216716854
DCAF5.2	6.94613115142977	133.850981748942	0.929584816132859
DCAF5.3	7.93371284375913	74.529310617606	0.936778446938589
KIAA0247	9.56659296373555	270.835703088317	0.976359156857378
MOK.4	6.94890788942318	338.694053299511	0.940321653435532
MOK.5	6.94890788942318	279.126183107231	0.938795966785291
TDRD9	8.48105555616703	64.4938657032677	0.939568391276576
IGH@	6.23010511820804	309.928126205022	0.914498585637376
DKFZp686O16217	6.23010511820804	313.286174736243	0.91457614745871
IGHE	6.17865892591609	318.273909911515	0.912887124737659
IGHE.1	6.18026256724648	248.644125311806	0.910954466648417
DKFZp686O16217.1	6.33892155603999	158.867139675873	0.912920430696231
IGHD	10.1426658968112	54.1984233252473	0.944627703257596
FLJ00382	10.1409516697956	69.2367237841932	0.952754813395383
FLJ00382.1	10.1409516697956	33.7444617640115	0.925879186057122
IGHD.1	10.1474682156222	85.6897809710736	0.958617574596222
FLJ00382.2	10.1474682156222	32.5885846550222	0.92432384341637
UBE3A.4	6.27575726316453	210.552393705794	0.9133023086048
DQ600342.7	8.75531466602783	209.557982859787	0.966434437448672
C15orf29	6.50716293834444	155.632865794879	0.917990236335432
ADPGK.2	6.08293969106219	206.501549243375	0.905167898530888
ADPGK.3	6.08293969106219	139.26848669902	0.900316634729446
ADPGK.5	13.6044921396327	275.939139036144	0.986610092161694
LOC100287559	12.3771823281559	113.329667091106	0.970020531070353
SCAMP2	-9.45605741898591	23.5497575166476	0.905456702253855
SCAMP2.1	-8.14680621526828	46.6930813409444	0.925465827174012
MESDC2	8.86768204772332	392.423005672257	0.974193813304134
MESDC2.1	9.27590959576306	273.175360705776	0.974316543480245
UBE2Q2P1	9.73311238199722	149.17801184891	0.968602974723971
AKAP13	7.43441150014857	300.322250869557	0.950883292271193
CEMP1	9.65765660955433	48.1499823630991	0.938422757550871
XYLT1	7.57966912234898	34.8735128194564	0.906423031298476
IGSF6	10.0727897805157	55.102526506143	0.944950725431152
GGA2	6.3544802724369	157.38972471346	0.913156766128296
PRKCB	7.6803365852186	227.794887189424	0.95293138060042
PRKCB.1	7.6803365852186	77.0591389032353	0.933800072999361
KIAA0556	7.82799538601282	37.6041152558788	0.912996623779542
CD19	9.53558565120877	43.3137792711505	0.933875809836664
YPEL3	8.81511752338953	266.962747732842	0.97007208686924
YPEL3.1	8.81511752338953	450.996641914631	0.974712565015056
ZNF688	-9.12026164182299	30.670603115062	0.916839583903641
HEATR3	7.21417229025869	90.2891663819674	0.928279040058399
HEATR3.1	7.21417229025869	89.1681947903177	0.928009398667762
DUS2L	6.77179561515141	105.63097829824	0.920175654713021
DUS2L.1	6.77179561515141	110.610961560074	0.921025641025641
PIEZO1.1	6.840560388014	51.8844312221829	0.904583447394835
PIEZO1.2	6.25894294087297	93.8562434298756	0.900228579249932
P2RX5.1	6.11784581840367	194.032682008123	0.905914316999726
P2RX5.2	6.11784581840367	200.454769894535	0.906270645131855
P2RX5.3	6.11784581840367	194.281654653985	0.905929829363993
P2RX5.4	6.11784581840367	200.18973494095	0.906253764029565
P2RX1	10.1632343381129	40.6306982085549	0.933895428415001
CHD3.3	8.20125850596545	372.354143957827	0.965918879459805
PIK3R5.1	8.74534508818467	42.4829490332906	0.927915411990145
SNORD65	7.71686911823076	41.045992072397	0.914985400127749
SREBF1.3	8.63493039805421	50.1460912425711	0.932864312437266
SREBF1.4	8.08195742328414	40.2070630232794	0.919039602153481
SREBF1.5	8.08195742328414	40.9422592183414	0.919740396021535
SSH2.2	8.14879580563745	605.518694843045	0.968176840952642
SSH2.3	6.38801629681708	741.54215074238	0.925811661647961
MYO1D	8.02349583912253	127.813292166649	0.949634090701706
BC030591	9.01252869882929	32.6058278485672	0.91892325942148
TADA2A	6.89468530066982	119.930734817224	0.926194452048545
TADA2A.1	7.35016236292687	151.548039760205	0.941045715849986
TADA2A.2	6.89468530066982	106.704015388813	0.92406743315996
TADA2A.3	6.98911780936254	91.5525399075135	0.923781366913039
CCDC103	-8.64132680157996	26.5898931860929	0.906618760835843
FMNL1	6.32390019030473	78.233170927456	0.900025093530432
FLJ40194	12.5672339802244	48.977783035854	0.945085774249475
BZRAP1.1	8.77037396995073	34.4769295670283	0.91957614745871
TEX14	7.68288953353412	47.0109350361835	0.919197463272196
TEX14.1	7.68288953353412	48.1823038493774	0.920022812300392
BCAS3.8	6.98335598660113	43.6935685659789	0.903288621224564
ICAM2	-10.0989442836762	58.5974790618155	0.947168993521307
ICAM2.1	-9.15621861265378	66.465323408969	0.946270645131855
ICAM2.2	-9.15621861265378	68.3489560561867	0.947090519207957
ICAM2.3	-9.15621861265378	73.2098531911454	0.948993977552696
UNC13D	-7.71206104125338	29.3339319977282	0.901066703166347
mir-133b	6.14142535013411	188.003715370046	0.906762478328315
GALNT1.1	8.17256236473408	69.8113446206303	0.93830641481887
SNORA37	9.05787517033274	59.0120284781544	0.941784378136691
WDR7	6.91337695973438	64.9538199063772	0.913674605347203
WDR7.1	6.91337695973438	65.849048664658	0.914027739757277
ZNF407.1	6.39214130970357	82.2118716855263	0.903408613924628
ATP9B.6	11.2104825059499	73.7550085575246	0.957413541381513
ATP9B.7	11.5524610103849	60.8877077004072	0.951918514462998
GADD45B	-9.36966472834644	28.8531554173742	0.915408796423031
AES	-9.16372268253916	22.7414857938674	0.90199653253034
AES.1	-8.83226128419418	44.338123534711	0.930211241901633
AES.2	-8.83226128419418	44.4171106906517	0.930273747604708
AES.3	-8.82579757189207	42.6752449209441	0.928795054293275
SLC25A23	-9.87004815053387	211.535944766279	0.974946619217082
SLC25A23.2	-9.87004815053387	206.755471438227	0.974629984487636
FCER2	12.5002199373765	387.714649564724	0.989410986403869
FCER2.1	12.5002199373765	386.759687373678	0.989394105301579
ZNF559.3	7.69236304276665	287.702502406431	0.95548316452231
SLC44A2.4	-10.0327911987683	30.4648061741931	0.920772880737294
UCA1	-6.69795960170365	52.844639167533	0.901429418742586
ZNF43.1	6.19149577103821	376.08976469805	0.914351674422849
LOC284408	9.13354850907541	47.148668848195	0.934669221644311
ZNF383.1	7.13106108514187	37.0578755804966	0.900348115703988
ZNF383.2	7.16591661518256	49.3797493975245	0.911228670499133
GMFG	11.0701898730078	290.959167702543	0.983712473765855
GMFG.1	11.0701898730078	449.821146507493	0.987864768683274
FTL	-6.36907031020994	1641.20469243963	0.926685372752988
FTL.1	-6.36907064055706	2636.26641622112	0.927077744319737
MYBPC2	9.92286929876657	49.8628418748068	0.940796149283694
AK097590	9.59594923510009	31.2007218563325	0.920172460990966
GREB1.4	8.53230077491987	26.246300558289	0.905034218450589
NTSR2	8.64783444047771	33.2195949481945	0.916997445022356
NT5C1B	9.62406270184953	31.4864997798121	0.920674331599599
NT5C1B.1	9.62406270184953	33.5716984407268	0.923623962040332
THUMPD2	7.54683144496572	126.975636723199	0.941987407610183
THUMPD2.1	7.54683144496572	120.423802163068	0.941062596952277
ARHGAP25	8.54673131124569	41.6189775374456	0.925427502509353
ARHGAP25.1	8.01959228428593	26.5933984097236	0.900431152477416
ARHGAP25.2	8.01959228428593	26.5664456410651	0.900396934026827
GMCL1	7.57625354075111	70.6338021211336	0.929944337987043
ST3GAL5	8.57522373415209	472.119224540399	0.972420841317639
ST3GAL5.1	8.43255620522215	445.694863566847	0.970223104297837
AK128525	14.1911584587778	351.964229253332	0.989578428688749
Ig	kappa	13.8706630230643	988.695617063414	0.996009672415366
AFF3	8.24086165450285	117.237045450862	0.951085865498677
AFF3.1	8.05951115867321	129.424874741822	0.950457614745871
AFF3.2	7.90790342850833	249.427970273134	0.957903093347933
UXS1.2	5.94969182576141	253.964503272748	0.901389725339903
UXS1.3	5.94969182576141	252.165038204684	0.90133315083493
UXS1.4	5.94969182576141	260.026003837952	0.901579523679168
CCDC115	7.79338685622449	107.609017005464	0.942887580983666
CXCR4	11.3372896649364	269.650854996215	0.983576968701524
CXCR4.1	11.1516559350405	304.966899586719	0.984433798704261
KYNU.1	6.92442586295701	276.977673289416	0.938013504881832
ARHGAP15	6.16290843723514	257.495557522679	0.910507345560726
ARHGAP15.1	6.20545092098062	169.128080514555	0.907855187517109
CYTIP	10.0307200301567	20.6643252486472	0.900117255224017
ANKRD44	7.68798708234787	109.744527142855	0.941642485628251
ANKRD44.1	7.65207744938172	176.483508889202	0.949178300939867
ANKRD44.2	7.68965251706162	255.488797213833	0.954337530796606
ANKRD44.3	7.54826644380231	111.063030793455	0.939543297746145
CLK1	6.39479494858714	217.114845442188	0.918432338717036
CLK1.1	6.39479494858714	227.840931726248	0.918919609453417
CLK1.2	6.39479494858714	125.917490620987	0.911170727256136
CD28	8.20289954156748	137.863401551358	0.953608905922073
CD28.2	7.88517298328931	118.296745592946	0.946410712656264
PARD3B	6.16840418069814	1267.04041973348	0.917440459895976
PARD3B.1	6.16840418069814	1248.48211613948	0.917424035039693
PARD3B.2	6.16840418069814	1251.77295641047	0.917427228761748
PARD3B.3	6.16840418069814	2388.14059955033	0.918081941783009
FN1	6.61684015226011	146.720240770282	0.921220001824984
FN1.10	7.93333206899037	1167.23325161549	0.966774796970526
SP140.1	8.67258045981136	69.4803984462135	0.943493931928096
ITM2C.3	6.269870944256	520.692198960254	0.91894242175381
ITM2C.4	6.269870944256	568.799630385929	0.919270006387444
DIS3L2	6.22221664574123	161.583111011464	0.907605620950817
RASSF2	10.4447887401427	53.0661813803459	0.94478373939228
RASSF2.1	9.93276005557654	22.6427792896228	0.90513778629437
RASSF2.2	9.61944048272063	22.141043764305	0.902698695136418
BTBD3.1	-8.13543142428899	54.7018672071292	0.930683000273748
BTBD3.2	-8.13543142428899	84.7216100207355	0.942906743315996
CST3.1	-6.88323695147683	70.2753186960523	0.914674240350397
FITM2	11.72766941699	51.6066888519779	0.946229582991149
PTPN1	6.8403102865625	240.21150811904	0.933668217903093
RBM11	9.3115815160365	29.09257929101	0.915500501870609
ABCC13	9.1199477214125	38.3412446325595	0.926542567752532
SAMSN1	10.067888608891	72.9290119205029	0.953951090427959
SAMSN1.1	8.20680053140569	64.1015482108675	0.936390637831919
PIGP	-10.516566282432	45.5066875652198	0.939436992426316
PIGP.1	-9.7466001356376	51.5650752764197	0.941239164157314
PIGP.2	-9.7466001356376	42.7405366208674	0.934360799343006
TRAPPC10	8.27311593894215	1432.64318905864	0.972375216716854
IL17RA	8.34226075264508	25.080500236582	0.901156127383885
BID	6.83121305116864	76.3410272513641	0.914884569760015
BID.1	6.82666410077799	87.289871207335	0.917878912309517
BID.2	6.82666410077799	90.1358381307228	0.918566475043343
BID.3	6.82666410077799	99.9595271005484	0.920645131855096
ADSL	7.69885580199606	204.733677147837	0.95195638288165
ADSL.1	7.69885580199606	230.841646063663	0.953381239164157
XPNPEP3.2	7.33660134199123	61.1720839845642	0.921399306506068
XPNPEP3.3	7.33660134199123	177.330559098626	0.943166803540469
TBC1D22A	6.90250776174419	205.653932030622	0.934524135413815
TBC1D22A.1	6.90250776174419	411.199453975831	0.940526507893056
TBC1D22A.2	7.04088909986166	344.201682404861	0.942885299753627
FLJ32756	9.76989925990781	24.0305487501898	0.907877087325486
TUBGCP6.1	9.72917574112696	43.913007319447	0.935312072269368
TUBGCP6.2	13.0314061714935	146.040817656204	0.976019709827539
ITPR1	7.19244249506086	210.967075475558	0.941843233871704
IQSEC1	6.28503515326149	100.186820712799	0.903308239802902
IQSEC1.1	6.13855700026704	135.725207761901	0.902432247467835
CCR1	10.4049693657257	90.4500499956626	0.960903367095538
CCDC12	7.15880024323981	255.95438460256	0.943236152933662
IL17RB	7.50660419950912	70.6040414888136	0.928488456976001
TMEM30C	8.31653512903349	57.955626948356	0.934610822155306
CD200	9.18823894354109	24.6859822821881	0.906684916506981
CD200.1	9.18823894354109	25.5177202297012	0.908389907838306
CD200.2	9.18823894354109	28.1339500898043	0.91321105940323
CD200.3	9.18823894354109	55.9079185347588	0.940931654348025
BTLA	11.6965678109478	83.9978667197075	0.961897983392645
BTLA.1	11.6965678109478	87.9352667221938	0.963090154211151
SIDT1	9.05349890927701	72.7692231011455	0.948034948444201
ZBTB20.1	7.02987214591619	119.813151459722	0.929755452139794
CCDC14	6.7482601082154	394.454649079698	0.935213523131673
CCDC14.1	6.66084258431637	181.509304934198	0.925274203850716
CCDC14.2	6.60333931016126	308.333309420994	0.928786841865134
CCDC14.3	6.60355095817476	293.355188290977	0.928384432886212
PLSCR4	8.64236166316983	47.7248688440495	0.931274295099918
PLSCR4.1	8.64236166316983	52.4435187828441	0.934474860844968
MIR16-2	12.3822992276023	943.041668352875	0.994541929008121
SCARNA7	10.9889827815924	238.765194309171	0.981051647048088
BC125159	9.32581954712817	47.6419827719419	0.936278401313989
ARL14	11.7847689667684	57.1873469666143	0.949965781549411
SDHAP2.1	6.98494584600308	61.3610617971343	0.913839310156036
BC042823	7.20086521549522	94.1055458119092	0.92894880919792
RHOH	9.00019379770764	33.7169067469625	0.9203604343462
ATP10D	6.34730754644797	97.1522854643352	0.9053604343462
AASDH.3	6.53942473145822	59.4888312579513	0.900166073546857
STAP1	9.98985195958286	83.7354783418023	0.95736746053472
STAP1.1	9.98985195958286	114.553742363471	0.964634546947714
RUFY3.1	6.9434407416757	48.5903450959354	0.905628250752806
PPM1K	6.55389486467393	71.2565015827883	0.905444383611643
FAM190A	7.40345476377259	55.3434768241844	0.919515466739666
BANK1	7.21594150788189	167.016102623024	0.939471210876905
BANK1.1	8.29112464863521	170.450293556247	0.958356601879734
BANK1.2	8.3326047631355	182.524269342151	0.959878638561913
PPA2	6.28394487853155	466.298765155095	0.919191988320102
PPA2.1	6.28394487853155	491.733243254464	0.919452048544575
PPA2.2	6.28394487853155	569.996019615458	0.920029199744502
PPA2.3	6.28394487853155	662.427806580127	0.920526507893056
PPA2.4	6.28394487853155	660.197409924975	0.920516926726891
PHF17.2	6.32665336380669	90.0066866022982	0.903224746783466
PET112.1	7.20957300177164	139.156322639909	0.936367369285519
PET112.2	7.77203634804712	132.923497853841	0.946587279861301
EMB.1	7.15524990325944	41.7085248729722	0.905338078291815
GAPT	12.6608537389068	59.1990043704997	0.951966420293822
CD180	12.4316340019865	192.681614397091	0.980678894059677
SERF1B	8.16204638281558	238.806979517218	0.961084953006661
SERF1B.1	6.80054623065666	89.4001531874598	0.917692763938316
SERF1B.2	6.70645543407594	89.4338906409307	0.915342184505886
MEF2C.1	8.12184309106719	53.524688062711	0.929646865589926
MEF2C.2	8.12184309106719	53.5495987149276	0.929667852906287
MEF2C.3	8.10031532251772	55.2222830887444	0.93037092800438
MEF2C.4	8.10031532251772	55.7572099510829	0.930674331599599
FAM172A	6.15034418694945	277.944451678724	0.91077789944338
C5orf56	8.83913256013598	139.41091082725	0.960766037047176
C5orf56.1	8.10339493283666	343.441815090867	0.963725704900082
IRF1.2	7.0801627474079	296.1230922184	0.942531252851538
C5orf32	-7.6920420627452	112.473451390904	0.942106487818232
PCDHGB7	9.9483290418589	42.1412165122766	0.934642303129848
AFAP1L1	8.94710464669754	179.926722431566	0.966210420658819
AFAP1L1.1	6.74608081451326	63.1713900538497	0.908113879003559
MSX2	11.1141988821792	104.150083266547	0.966157496121909
SERF1B.3	8.09051155365982	239.009516460499	0.960079843051373
DUSP22	6.87872054052603	125.655234826035	0.926536180308422
DUSP22.1	7.20114015026212	67.0769289671477	0.920961310338535
FAM65B	10.4949445611057	204.13980742646	0.977299936125559
FAM65B.1	11.5205058677167	431.605590773362	0.988692855187517
HIST1H4B	7.64717810093627	872.236463168538	0.961056665754175
LTB	6.96885441414682	81.2643475579657	0.920798886759741
LTB.1	6.96885441414682	85.6725550905912	0.921924901907108
PHF1.1	-7.14414957438349	38.2062520494643	0.901677616570855
TRAM2.1	-9.1659110525821	53.6023323205886	0.939353043160872
KHDRBS2	7.3567979321407	159.812054744878	0.942041244639109
NCOA7.1	7.56193950537604	104.165085204301	0.938474313349758
NCOA7.2	7.37816825463244	150.099042280307	0.941463637193175
SNORA20	8.54316120561882	109.503100285126	0.953100191623323
SNORA29	9.84033998945065	93.602885248614	0.959414180125924
WDR27	6.83780707104426	64.6082601088809	0.910945797974268
TMEM242	6.42106827085663	71.2784357337198	0.901085409252669
C7orf41	6.35257693118464	87.2945914120527	0.903260790218086
DQ594967	-5.90135051809251	757.250030144456	0.904487179487179
ELMO1	9.57615093779381	230.229142166472	0.974416917601971
ELMO1.1	9.57615093779381	221.231964769174	0.973878091066703
ELMO1.2	8.13113673284993	203.676846366683	0.958761748334702
IKZF1	8.75101082874997	75.7174172735804	0.946555342640752
IKZF1.1	9.96658810777977	83.0052698782967	0.957060406971439
IKZF1.2	9.96658810777977	84.7223383407274	0.957580983666393
IKZF1.3	10.0048806525773	144.446411737842	0.969364905557076
IKZF1.4	10.1977590069721	286.320173352671	0.980423396295282
IKZF1.5	9.96658810777977	93.6218727927015	0.960047905830824
DQ575984	11.5694284025518	1482.32728756329	0.994255862761201
DQ574659.1	11.5185235124922	1435.98758430227	0.994077014326125
DQ584609	10.6028281022466	1640.6326038355	0.99146044347112
DQ599872.4	11.5694284025518	1531.73819714874	0.994327037138425
BC018166	7.597197911177	38.1596400060924	0.91020987316361
LAT2.2	8.15805036041122	25.9160185645271	0.900845423852541
CDK14.4	5.93615260653313	447.809920752939	0.904316543480245
CDK14.5	6.14607676719842	184.032878013297	0.906833196459531
C7orf49.1	-9.59079794613996	50.0452177376009	0.93937904918332
C7orf49.2	-9.56489019307382	37.5018524261078	0.928085591751072
C7orf49.3	-9.56489019307382	44.1535571377721	0.934689752714664
C7orf49.4	-9.56489019307382	43.1764748326899	0.933843416370107
C7orf49.5	-9.56489019307382	49.718364958855	0.939018158591112
AK098095	9.04707895623178	129.066502832388	0.961124190163336
CLEC5A	10.4598541139423	73.947090729576	0.955689387717857
CLEC5A.1	10.4598541139423	264.557916478199	0.980662925449402
ZNF767	7.54399542916788	181.476286773753	0.947565471302126
ZNF767.1	7.54399542916788	303.42022189004	0.953239802901725
SMARCD3	-7.66083318544563	40.1883526035917	0.913232959211607
DEFA1	10.4673041274064	47.5412423626547	0.940960854092527
DEFA1.1	10.4357417440937	46.5117320436251	0.940056574504973
DEFA1.2	10.4181941588822	45.9490273942315	0.939517747969705
BC030294	8.3892383453717	108.554985622167	0.951303038598412
ADAM28.1	6.50913880648285	66.5702891872279	0.901922620677069
SNORD54	7.73474132885153	48.1569169052809	0.920804361711835
PDE7A	7.1344980612622	144.953703487559	0.935383246646592
PDE7A.1	7.01280292571826	144.271698171829	0.932436809927913
PDE7A.2	8.27603514234732	257.288250094656	0.963547768957022
ATP6V0D2	7.56961175849184	75.7870358516424	0.931558080116799
TATDN1	8.31551123670817	217.144043713212	0.962051282051282
TATDN1.1	8.31551123670817	196.142201834214	0.960754174650972
DOCK8	8.45213209069302	84.852518884806	0.946495574413724
DOCK8.2	9.06504060547716	94.2520376391504	0.954734008577425
C9orf123	8.81265915298077	68.0728047370319	0.944202025732275
TTC39B	7.88657416047189	40.6548058621077	0.917034857195
PLIN2	-6.95616522822391	88.4358160034601	0.922417191349576
SPINK4	8.70025109849595	45.9693681473315	0.930386440368647
DQ587539.7	10.2766859558674	591.252519895748	0.986713660005475
DQ590589.9	10.2766859558674	633.484842745444	0.987061775709463
C9orf23	-7.47680784717685	31.5726566706916	0.900466739666028
C9orf23.1	-7.47680784717685	38.611806354649	0.908665024181038
FANCG	8.10330554568774	78.8536367534965	0.94052559540104
DQ588135	9.93089309289766	465.140407646577	0.983484807007939
DQ587539.9	9.93053803918921	465.025831213647	0.983483438269915
DQ587119	9.72279207356272	538.963720162953	0.983202846975089
BC064148	12.4280367703999	50.052416719234	0.945763755817137
DAPK1.3	8.66492533652228	41.5876750755083	0.926359613103385
IPPK	6.36282932035265	87.9339511545264	0.903723423670043
C9orf174	8.12480660992438	111.927155289233	0.948585637375673
ABCA1.1	6.13821237363293	270.93110953414	0.91026279770052
SLC31A2	-7.81709267567244	49.4589161215083	0.922864312437266
PTGES2	-9.72831706030258	51.6956131619362	0.941236426681267
PTGES2.1	-9.72831706030258	66.7446406232063	0.94985582626152
PTGES2.2	-9.72831706030258	70.7519043920625	0.95156218633087
SNORD62A	7.98736701815525	47.6489201355973	0.924062870699881
SNORD62A.1	6.96113387380681	47.4534935423652	0.905673875353591
PNPLA7.2	8.35923038611894	128.998540054883	0.954331599598504
ASMTL-AS1	8.49218409098651	72.4406811170931	0.942908112054019
ASMTL-AS1.1	8.1754076303966	55.8670283134467	0.931778446938589
DHRSX	6.45189839794318	249.425425757465	0.921539830276485
VENTXP1	15.3869609641439	334.81510312071	0.98932384341637
CYBB	8.04267447651191	37.427181213096	0.915649694315175
RBM10	6.85919851938913	91.3817706486748	0.919695683912766
PIM2	6.47056961566338	136.861100241568	0.914847613833379
P2RY10	12.3081010051153	200.252061051225	0.98111917145725
P2RY10.1	12.3081010051153	223.151641588352	0.982673601605986
DOCK11	8.10490236066957	98.4791186715081	0.945681631535724
DOCK11.1	8.37858789895527	107.678702100968	0.951027466009672
CSAG2	10.3772423824973	23.1373202287478	0.907693220184323
CSAG2.1	10.3772423824973	24.6197364745595	0.911091796696779
CSAG3	9.09182443094809	25.6567668007967	0.908066429418743
CSAG3.1	9.09182443094809	27.4559790589171	0.911414818870335
CSAG3.2	9.09182443094809	24.1979147948182	0.905012318642212
MAGEA12	8.70671094102604	24.9243275482009	0.903962496578155
CSAG1	10.2945530039172	30.6681100894521	0.921889770964504
CSAG1.1	10.2945530039172	22.1434150815366	0.904909207044438
CSAG1.2	10.2945530039172	29.2928585159341	0.919747239711653
CSAG3.3	9.09182443094809	24.1979147948182	0.905012318642212
CSAG3.4	9.09182443094809	27.4559790589171	0.911414818870335
CSAG3.5	9.09182443094809	25.6567668007967	0.908066429418743
CSAG2.2	10.3772423824973	24.6197364745595	0.911091796696779
CSAG3.6	10.3772423824973	25.4510522516226	0.912859749977188
ASMTL-AS1.2	8.83215138921291	93.5308067640493	0.952525777899443
ASMTL-AS1.3	8.52070737877064	72.1370734977524	0.943081485537002
ASMTL.2	6.26670730765241	92.451513408801	0.900444839857651
ASMTL.3	6.26670730765241	94.5636850621197	0.900871429874989
DHRSX.1	6.45793010092724	249.517582670536	0.921919426955014
USP9Y	7.59079915341119	41.1352858139786	0.91298430513733
MORN1.2	-7.52717718316997	43.9014359667407	0.914216625604526
C1orf174.1	6.62677979218502	95.134387882231	0.914036864677434
AKR7A2.1	-10.4788734035635	58.9188620243656	0.948561912583265
FUCA1.1	6.41141223394751	79.4378368892983	0.90323432794963
TMEM53.2	-9.69009690130237	79.6483742065374	0.9546395656538
TESK2.1	7.48349311402777	247.41447125007	0.950076649329318
TESK2.2	7.02679808321798	136.968023318798	0.932059494479423
TTC39A.5	10.3879422304729	85.6681277017147	0.959478054567023
PDE4B.5	9.36002042529255	77.8408861615734	0.952065881923533
SNORA66	7.75865527390783	43.6427135659345	0.917769413267634
ADAMTSL4.3	-10.3092238966125	26.2132947830635	0.914150469933388
FCRL5.2	12.0299638550362	59.5944199749454	0.951677160324847
DCAF8.5	6.48950537499296	247.15789107664	0.922843325120905
TSTD1.1	7.0732878035158	173.905652154005	0.936620585819874
SNORD80	6.60476629544721	183.561632828275	0.923710648781823
ZBTB41.1	6.68729741382856	141.177525741133	0.922428141253764
PTPRC.6	9.27471316367436	643.596287476787	0.980770599507254
PTPRC.7	9.19026488775055	361.474892714171	0.976341363263071
PIK3C2B.2	10.1529356082822	31.1251254904143	0.922203668217903
CR1.2	7.10716977183949	43.3514795030076	0.905505976822703
CR1.3	7.38899163973181	57.1439709893266	0.92031800346747
CR1.4	7.51029320753396	56.2751402012209	0.922006569942513
C10orf28.5	6.01501919931105	295.833112824589	0.906111871521124
PWWP2B.1	8.4928850169234	54.1075441475809	0.934156857377498
TRIM22.2	7.36688753965331	66.8669312120152	0.924557897618396
SNORD97	6.64776929835455	66.9297095655711	0.906714572497491
PCNXL3.2	-8.18698518191072	48.7262266923363	0.927370198010767
CDK2AP2.1	-9.4506898662031	49.0602759888928	0.937969249019071
NDUFS8.1	-7.104167658202	175.979402304051	0.937358335614563
AQP11.1	7.1648600278786	193.325584210191	0.940105849073821
ITGB7.1	13.0697418554012	134.30407623539	0.974264987681358
C12orf10.2	-7.12455160591534	84.5968577790915	0.924769595766037
MDM2.6	8.07077230642976	114.277148518643	0.948304133588831
AK055439	8.02008556980725	292.36679281663	0.961107765307054
C12orf42.3	6.37030408285481	73.9032903148788	0.900526964139064
ZNF84.1	6.51698213810144	125.415698822129	0.914921981932658
ZNF84.3	6.51688881197787	88.212197507297	0.908587006113696
KIAA0226L.5	7.75346415232576	49.3850895631431	0.921898439638653
KIAA0226L.6	7.75346415232576	51.7772629004321	0.923441919883201
SPRYD7.2	6.91589341776006	127.584559619365	0.928039967150287
IRF9.1	-10.0642264796704	40.998997755428	0.93394242175381
KIAA0247.1	9.56659296373555	919.783971508372	0.984486723241172
MNS1.1	7.29702066373564	43.7015536273006	0.910021443562369
DQ577714	-7.50637209182807	141.267869954702	0.94294415548864
GGA2.1	7.30229743971881	221.111333217245	0.945049730814855
CD19.1	9.53558565120877	43.247752168603	0.933822885299754
ZNF689.1	-10.2921635755323	26.0813527003908	0.913837028925997
ZFP1.3	-8.06182330869866	42.2259378825036	0.920681175289716
ZFP1.4	-8.06182330869866	40.1160475819122	0.918700155123643
P2RX1.1	10.8995943703222	105.078766469804	0.965844055114518
PIK3R5.2	8.74534508818467	42.2796813345667	0.927741126015147
PIK3R5.3	8.74534508818467	41.9167656149567	0.927413997627521
SNORD49B	8.15510798400513	319.210200661534	0.964030477233324
SNORD49A	7.25993681726878	106.787230082303	0.932603795966785
SREBF1.6	12.2665810209554	147.84256732443	0.975619582078657
SREBF1.7	9.54959849556769	141.117656373664	0.966526599142257
SSH2.4	6.36362503539216	424.406917746898	0.922480153298659
TMEM106A.1	-10.4125941387654	31.8928354759277	0.923979377680445
BZRAP1.2	8.77037396995073	35.3015173058092	0.920623688292727
TEX14.2	7.68288953353412	46.8401242104565	0.919058764485811
TEX14.3	7.68288953353412	47.8543978838114	0.919801532986586
ICAM2.4	-9.15621861265378	62.4341425513244	0.944312437266174
HELZ.2	-9.8368769771782	56.2640874273208	0.944650059311981
WDR7.2	7.57517175215161	139.607405404267	0.944269093895428
ZNF407.2	6.66813694166968	108.964174645114	0.91757094625422
ATP9B.8	11.3079148912197	90.6213327990123	0.963229765489552
SLC25A23.4	-9.87004815053387	135.039551455964	0.967393466557168
NAPA.5	5.94501112238315	246.391174965458	0.90112966511543
NT5C1B.3	9.62406270184953	31.4214450282009	0.920582626152021
ARHGAP25.3	11.2994843667859	313.890660499879	0.98511223651793
ARHGAP25.4	8.54948956841227	55.215131689874	0.935379596678529
ST3GAL5.2	8.79046967611957	442.36808501558	0.974240350396934
AFF3.3	7.91113371328637	269.099352042787	0.958701523861666
AFF3.4	7.87253421053092	313.93830727079	0.959387717857469
CXCR4.2	11.1516559350405	347.272072189321	0.985735012318642
KYNU.2	6.92442586295701	263.550345272004	0.937567296286158
PARD3B.4	7.86981458752274	3392.12937630443	0.966982845150105
FN1.12	7.93333206899037	1265.61607511273	0.966916689478967
FN1.13	7.93333206899037	1138.81746084582	0.966729172369742
DIS3L2.2	6.22221664574123	143.844446129966	0.905997810019162
ABCC13.3	8.18741592450401	34.1913445063668	0.913768135778812
SAMSN1.2	10.067888608891	141.304625962653	0.969328862122456
BID.4	6.82666410077799	226.606141061665	0.932838306414819
BID.5	6.82666410077799	90.9406223997471	0.918748973446482
BID.6	6.82666410077799	461.865499920434	0.93839766402044
ADSL.2	8.21670718785019	292.589877407898	0.96406104571585
TBC1D22A.3	6.90250776174419	346.840980076545	0.939336162058582
TBC1D22A.4	7.02214851732831	296.093946446562	0.941198558262615
TUBGCP6.3	9.72917574112696	47.6098661298618	0.938347933205584
TUBGCP6.4	9.72917574112696	43.5739385919928	0.935014143626243
TUBGCP6.5	13.3472595949187	411.224337509575	0.990673875353591
ITPR1.1	7.89541221719025	388.868012744248	0.96175928460626
PLCL2	6.69097633717606	233.982971988035	0.928853910028287
CNOT10.4	6.41383897973645	111.823157423247	0.909781458162241
RPP14.2	-6.94381493490943	87.5844911613392	0.921368281777534
ZBTB20.7	7.02315965349229	120.59894891686	0.929633178209691
CCDC14.4	6.60333931016126	281.749042714288	0.92806916689479
PLSCR4.2	8.64236166316983	46.4896369445565	0.930346290719956
PLSCR4.3	8.64236166316983	45.9757898811786	0.929929281868784
PLSCR4.4	8.64236166316983	51.960803948551	0.934165069805639
BANK1.3	8.29112464863521	192.704765784304	0.960122273930103
NPR3.3	7.28609267012452	54.2642938237477	0.91674012227393
EMB.2	6.34436476795454	102.363588931026	0.905934848070079
SMA	8.27030421211938	31.7259246586062	0.911390181585911
SMA.1	9.62906499921418	125.206582544513	0.964595309791039
SMA.2	8.38274987814061	32.0262041555632	0.912956930376859
RAPGEF6.8	6.16456577301638	170.26417106308	0.906265170179761
C5orf56.2	7.58023201063977	318.629810012286	0.954483529519117
TCF7.9	-7.67893191833474	112.427657798804	0.941990601332238
AFAP1L1.3	6.74608081451326	65.1618906197869	0.908965234054202
COL19A1.1	6.9456940341754	58.4176261965235	0.911507436809928
ELMO1.3	8.13047202392805	197.759011006323	0.958383520394196
IKZF1.6	10.1977590069721	2546.96751221182	0.990231772971987
LAT2.3	8.15805036041122	30.5699514757626	0.908572862487453
CDK14.6	6.14607676719842	468.886237036965	0.914042339629528
CLEC5A.2	10.4598541139423	331.538864797743	0.983007117437722
CLEC5A.3	10.4598541139423	167.581702720917	0.974029108495301
ADAM28.2	6.88292336834082	50.5211660480374	0.905290628706999
TATDN1.2	8.31551123670817	244.228677122602	0.963491650698056
DOCK8.3	7.20941217468141	36.3870064672127	0.901147458709736
DOCK8.4	8.59492671875613	67.8302564169346	0.942103750342185
DOCK8.5	8.59492671875612	88.0969023836651	0.948889040970892
DOCK8.6	9.7411320957355	288.364959743829	0.978056848252578
AQP3.2	10.2650816953429	20.8411978462071	0.901274295099918
FANCG.1	8.10330554568774	99.0907418216376	0.945812117893968
PAX5.1	7.1282392350783	86.6193884984628	0.925747787206862
PAX5.2	7.1282392350783	85.7456219702335	0.925513733004836
PAX5.3	7.1282392350783	88.2989888294579	0.926191714572497
PAX5.4	7.1282392350783	95.0102383530083	0.927735651063053
PAX5.5	7.1282392350783	101.596605473894	0.929088876722329
PNPLA7.3	8.35923038611894	126.985454223814	0.95403777716945
SCARNA9L	7.36211302275798	34.2264841406695	0.901775709462542
BCOR.5	7.45536844795964	119.763279583298	0.939144538735286
USP9Y.2	7.62362319772909	52.0042473907807	0.921550323934666
MORN1.3	-10.8376664149896	52.0439099745195	0.94508486175746
FUCA1.2	7.17392951292427	87.4493635869459	0.926709097545396
RNF220.6	-6.86604053299938	78.5736166699528	0.91675928460626
TMEM53.3	-10.4351601422897	128.701268423547	0.968830185235879
TESK2.3	7.02679808321798	177.522801172967	0.936001459987225
TESK2.4	7.5703406875725	322.537864917013	0.954362168081029
TTC39A.6	8.03490165057203	36.6949349694465	0.914757733369833
TTC39A.7	8.03490165057203	36.8816344535648	0.914954831645223
ST6GALNAC3.2	6.6795287257939	231.06997669821	0.928498494388174
CD53.2	12.068410726029	580.807267410512	0.991835933935578
NBPF10.2	6.92734782616843	89.9081161497046	0.921779359430605
NBPF10.3	6.92734782616843	89.9081161497046	0.921779359430605
NBPF1.8	7.15939463710895	377.681880481457	0.94649009946163
FCRL5.3	11.904022280701	93.094503570031	0.964842138881285
FCRL5.4	11.904022280701	110.332765459905	0.968829728989871
DCAF8.6	6.48731974762676	261.472240929623	0.923361164339812
SLAMF6.3	6.45195831634879	69.7207746978612	0.901311251026554
SLAMF6.4	6.45195831634879	74.990870430909	0.903030385984123
SLAMF7.3	9.28897843686903	64.2088737132028	0.946120996441281
SLAMF7.4	9.28897843686903	64.8722864305348	0.946451318550963
SLAMF7.5	9.28897843686903	64.9201980157863	0.946472762113332
SLAMF7.6	9.28897843686903	84.6024524671555	0.95372616114609
SLAMF7.7	9.28897843686903	95.1319784776781	0.956548955196642
TSTD1.2	7.0732878035158	138.195476503015	0.933096541655261
PTPRC.8	9.19043861922154	304.237305409837	0.9747499771877
CELF2.8	6.57798044664485	119.781011669797	0.916847340085774
COX15.2	-8.03520471528956	87.7235188591483	0.94225522401679
PDCD4.2	6.10128933964223	139.170538455799	0.900964960306597
TCF7L2.17	7.45714460996704	183.741974205765	0.946124190163336
TCF7L2.18	7.4769305448434	212.574466778996	0.948354320649694
TCF7L2.19	7.4769305448434	160.740852627688	0.944579341180765
LMO2.4	9.08571645802751	49.1591523293727	0.935859111232777
MS4A1.5	9.20588619826808	34.9289572814715	0.923268090154211
NDUFS8.2	-8.4919041926069	28.0493844560131	0.907972442741126
USP35.4	-9.48887001809645	69.5636982754408	0.94976685828999
RAB30.4	7.04130207432606	296.488177322833	0.941705447577334
ESAM.4	-7.3518618736051	52.28050686513	0.916891595948535
ASUN.2	6.72063187302695	69.7180351985915	0.909942513003011
PPFIBP1.7	6.45390081328812	226.494305677387	0.920589469842139
FAM60A.3	6.7902805145429	75.0601184857294	0.913566018797336
ITGB7.2	13.019950741825	202.225138157364	0.981938589287344
NCKAP1L.1	9.82633514236159	49.8528710219294	0.940385984122639
NCKAP1L.2	9.8711095758899	46.9352552383481	0.938428232502966
OR10A7	19.7684415604799	13438.9905041785	0.999665571676248
OR6C74	19.7684415604799	13610.7347917719	0.999667852906287
OR6C6	19.7684415604799	13524.3174280146	0.999666940414271
OR6C1	19.7684415604799	13610.7347917719	0.999667852906287
OR6C3	19.7684436238049	13654.3784700805	0.999668309152295
OR6C75	19.7684413664747	13610.7329614774	0.999667852906287
OR6C65	19.7684413664747	13610.7329614774	0.999667852906287
OR6C76	19.7681886678199	13608.3491475315	0.999667852906287
OR6C70	19.7681885231325	13608.3477827525	0.999667852906287
OR6C68	19.7681885231325	13608.3477827525	0.999667852906287
OR6C4	19.7681883290932	13740.0396229657	0.999669677890318
OR10P1	19.7681883290932	13565.0072710808	0.999667852906287
BAZ2A.5	6.50825633050106	285.043066572777	0.924596678529063
IL22.1	11.8610794962828	143.091462857228	0.974422392554065
PDS5B.4	8.4111629637718	128.809731908209	0.954829363993065
KIAA0226L.8	10.0487646821698	43.2774864423733	0.936061684460261
KIAA0226L.9	7.75346415232576	49.1077868652388	0.921726434893695
CLDN10.2	8.50432910009343	70.5855954585262	0.942316817227849
METTL3.2	6.48696055773083	81.303444857223	0.906135596313532
BRMS1L.1	8.29551294228349	42.2783686215601	0.923631718222466
MOK.6	6.94890788942318	430.024808412764	0.941984670134136
TECPR2.2	6.32783923575948	212.971676709058	0.916086321744685
C15orf29.1	7.92287216314871	340.011139468134	0.960896067159412
C15orf29.2	8.09102181275083	465.924333827211	0.965913404507711
MESDC2.2	8.86768204772332	846.95818656762	0.978256227758007
WDR73.3	9.13953352526353	36.9266285063825	0.925118167716033
BC068290	8.10613413553109	76.0671295236049	0.939763208321927
DUS2L.2	6.77179561515141	113.281290567694	0.921454968519025
ZC3H18.3	7.13359385449368	70.0979886109993	0.920731362350579
ZC3H18.5	9.03294732826669	91.5061625404602	0.953735742312255
P2RX5.6	6.12164472917637	295.612622740549	0.909720777443197
PIK3R5.4	8.74534508818467	40.8464717978018	0.926371019253582
GAS7.5	7.44067811782975	57.7795170569945	0.921588648599325
IKZF3.15	-10.4772527428857	22.0782149059684	0.905208504425586
TMEM106A.2	-10.4125941387654	34.4586500593294	0.927562733826079
TMEM106A.3	-10.4125941387654	38.8061004055106	0.93270462633452
DQ588732	7.61830042010588	544.391022008452	0.958794598047267
BZRAP1.3	8.77037396995073	44.8782464938378	0.930148736198558
ICAM2.5	-9.59523389365339	58.1815270275467	0.94464184688384
SLC25A23.5	-9.0159653716071	30.2401319742053	0.915590838580162
EMR4P.1	6.92965656817398	137.941767991864	0.929619490829455
FCER2.3	12.5002199373765	325.439239531012	0.987596952276668
BABAM1.4	-7.75964152874122	37.6844232281463	0.912154849895063
ZNF850.1	7.53175747513148	60.5587761058561	0.924553335158317
NT5C1B.4	9.62406270184953	48.9002552850459	0.938759467104663
NT5C1B.5	9.62406270184953	30.9419723166821	0.919872251117803
NT5C1B.6	9.62406270184953	32.0505361299247	0.9214709371293
THUMPD2.2	7.54683144496572	180.905711769631	0.947774888219728
ARHGAP25.5	11.192010469539	774.801519444893	0.99132676339082
ARHGAP25.6	11.2994843667859	326.879239555047	0.985503239346656
DQ571479.4	7.51228269757842	92.7967591536611	0.934986768865772
DQ576039.3	7.51228269757842	83.8164276226616	0.932691395200292
E07735	7.51228269757842	50.9472403196571	0.918855735012319
DQ576041.2	7.51228269757842	83.8164276226616	0.932691395200292
DQ571479.5	7.51228269757842	92.7967591536611	0.934986768865772
AFF3.5	7.90790342850833	235.221069700942	0.957214161876084
UXS1.5	6.48031084248033	542.4606132687	0.927702801350488
BIN1.11	-6.53290556694143	61.5523706457812	0.90051510174286
CCDC115.1	8.02017400887375	123.794231234048	0.949053289533717
ARHGAP15.2	6.0912898767118	152.618970156577	0.901966420293822
EPC2	6.64771458547922	220.229457803974	0.927189068345652
CYTIP.1	7.39547668784794	32.3515196036832	0.900031937220549
STAT4.4	6.76469560349206	49.8305897388005	0.901412993886303
ANKRD44.4	7.65207744938172	240.385762358612	0.952979286431244
CLK1.3	6.40378938277953	189.543736280275	0.917232411716397
FN1.16	6.57025528543836	361.038543548017	0.928831097727895
BTBD3.3	-8.13543142428899	144.395091861427	0.953685555251392
BTBD3.4	-8.14294756195007	157.367217543704	0.955140067524409
BTBD3.5	-8.14294756195007	215.264070675667	0.95960580344922
PTPN1.1	6.8403102865625	488.371191139077	0.938928734373574
RBM38	8.54637032675114	42.8555604768052	0.92653253034036
RBM38.1	8.54637032675114	43.8564334391085	0.927395291541199
DDX17.3	6.31820378980804	951.926226185868	0.923832466465918
CELSR1.1	9.79606302944208	51.7176364746036	0.941557623870791
ITPR1.3	7.19244249506086	768.571371427033	0.95059357605621
EDEM1.1	6.27156622300459	99.3855748321039	0.901789396842778
IQSEC1.2	6.46926635573834	97.8117190912176	0.909155032393467
CNOT10.6	6.28085175023249	91.2279905059536	0.900900629619491
CCDC12.1	7.21599541882278	254.741023540103	0.944556528880372
CCDC12.2	7.22340636623079	288.093706280434	0.945690300209873
CACNA1D.5	8.94172805240027	36.8378311981204	0.923686011497399
SIDT1.1	9.46697292051803	145.308007365589	0.966546217720595
SIDT1.2	9.05349890927701	141.837837418809	0.962977005201204
CCDC14.5	6.60333931016126	398.27253269572	0.930579432429966
NPHP3-ACAD11.1	7.64700837217664	40.5572284287437	0.913357970617757
MIR15B	12.3821104092499	779.3507811485	0.993801441737385
FLJ42393	11.308868887272	42.3492481579614	0.938145816224108
SDHAP2.4	6.43665278769279	82.0014700631654	0.904689752714664
RUFY3.3	6.9434407416757	146.42073026094	0.930749155944885
PPA2.5	6.34821132444768	931.178737211829	0.924863126197646
PHF17.4	6.32665336380669	119.146972982932	0.908226115521489
ACSL1.6	6.34226336310621	98.8520162796923	0.90532439091158
EMB.3	7.28941912860515	125.020632738076	0.93629710740031
SMN1	6.61148641908715	247.848062898724	0.927247011588649
SMN1.1	6.67017637893016	248.176146626839	0.928928734373574
WDR41.3	6.34214570635425	161.412710263997	0.913118441463637
WDR41.4	6.40679552342524	177.654053747747	0.916772515740487
DUSP22.2	7.27096535904733	172.960386744797	0.941021991057578
FAM65B.2	10.4202194391806	343.08123924302	0.983196003284971
FAM65B.3	8.9658401525642	63.7570660018411	0.943631261976458
HLA-DQB1.3	7.12201047906759	81.4935634058463	0.923947440459896
HLA-DPB1.1	7.68173477584136	178.4113751175	0.949887763482069
DAXX.3	-7.19613414148775	35.8935360674885	0.900432064969432
PHF1.3	-7.14414957438349	36.6288535511161	0.90007847431335
GABRR1.1	8.55199573239108	26.5398527839974	0.905782918149466
GABRR1.2	9.70579725460612	24.5195296106905	0.908748973446482
GABRR2.1	9.14376829044709	28.6891190915281	0.913879459804727
SCML4.4	6.94416248837747	55.1709488774291	0.909581166164796
USP42.5	7.7603101823269	50.6706294837162	0.922849256319007
C7orf41.1	6.3370586468064	384.111329407976	0.921193539556529
ELMO1.4	9.57615093779381	228.132106093744	0.974288712473766
ELMO1.5	8.98953181916231	351.720642733128	0.974357149374943
IKZF1.7	10.0048806525773	295.173102246895	0.979731271101378
DQ584971.1	9.5069950445177	1480.77723690995	0.985285610000913
CDK14.7	6.14607676719842	602.057361162391	0.915017793594306
CLEC5A.4	10.4598541139423	448.519015027583	0.985753262158956
ZNF767.2	7.54399542916788	402.36976207324	0.955486358244365
ADAM28.4	6.50913880648285	84.2926980664073	0.907334610822155
PLEKHA2.1	5.97546463632236	253.880244393116	0.903411351400675
NBN.2	6.30971433550848	98.8831199673769	0.90441919883201
PLIN2.1	-6.95616522822391	84.7997498445277	0.921488730723606
PAX5.6	7.52932020542218	191.03205740448	0.947919061958208
PAX5.7	7.52932020542218	648.918174379137	0.957608814672872
PAX5.8	7.52932020542218	684.18546646496	0.957806825440277
PAX5.9	7.1282392350783	128.015803082065	0.933244365361803
PAX5.10	7.1282392350783	144.07202245168	0.935285153754905
PAX5.11	7.1282392350783	153.618963698479	0.936305319828452
PAX5.12	7.1282392350783	120.742177906948	0.932257049000821
PAX5.13	7.1282392350783	125.126339420743	0.932864768683274
PAX5.14	7.1282392350783	114.661636573505	0.931348663199197
PAX5.15	7.1282392350783	131.582806883114	0.933739392280318
DQ573253	9.93053803918921	481.061204703773	0.983710648781823
DQ593719	9.93053803918921	536.568266784978	0.984458435988685
DQ582260.4	9.93486870858303	518.250303294588	0.984232594214801
DQ579969.2	9.93486870858303	538.183007267457	0.984475773336983
DQ570938.2	9.93522269822296	538.315210843914	0.984537822794051
DQ593430	9.93486870858303	451.379296417867	0.983269915138243
DQ581988	12.4433141983604	3119.41252098508	0.99687152112419
DQ582260.5	12.5232064634291	3119.4426996956	0.996976001459987
DQ584320	12.5232064634291	3119.4426996956	0.996976001459987
DQ593554	12.5232064634291	2904.30872040625	0.996934483073273
SYK.4	8.03568693592395	44.6602599450751	0.922428597499772
SYK.5	8.03568693592395	43.808930930151	0.921748334702071
SYK.6	8.03568693592395	43.7188354423769	0.921669860388722
LOC100499484	10.3000737401694	220.301206665412	0.977571402500228
C9orf174.4	8.12480660992438	122.56573775678	0.950323022173556
C9orf174.5	8.12480660992438	102.527212377497	0.946840040149649
FAM125B.4	6.61644000716218	95.4951854814193	0.91389360343097
PNPLA7.4	8.47813718790603	222.65775605086	0.964244000364997
CYBB.2	8.04267447651191	89.4185070365569	0.942724244912857
CYBB.3	7.9981845314375	98.7831188349158	0.944391367825532
MIR221	6.85890472210494	113.316567993269	0.923764029564741
MAGED1.3	-10.5516311664302	48.0917702007545	0.941607810931654
ARHGEF6.1	6.36697044545038	79.9870966531968	0.9023081485537
ARHGEF6.2	6.36697044545038	90.8882341868523	0.904937494296925
ASMTL.6	6.26670730765241	101.057122235765	0.902080938041792
ASMTL.7	6.26670730765241	96.258867400927	0.901206314444749
LOC388312	-6.14971529944717	128.925636563885	0.901927639383155
CNR2.1	11.2150974370163	31.3995428771667	0.924811114152751
U6.4	12.5191163037345	799.87110325625	0.994110776530705
DQ587539.16	7.45354103493239	83.1356259384819	0.931431699972625
NBPF10.6	9.5747883201001	70.7251901013447	0.950708550050187
NBPF14.14	8.35963091754493	71.4142523182607	0.941209508166803
NBPF10.7	9.20080071271463	70.8191350982067	0.948413176384707
NBPF1.10	8.29705408299172	267.184309914888	0.964278675061593
TRNA_Val.1	7.37256736121324	44.6543104552858	0.912066338169541
PTPRC.9	9.19043861922154	296.346797063749	0.974467560908842
DD431424	7.03544021204445	74.5193443856203	0.920214435623688
HI650153	8.30544671097249	245.360464669047	0.963431882471028
SRGN.1	8.51858952236614	80.9580372002137	0.946131490099462
Mir_544.7	12.3376795130198	796.339988690534	0.99383429144995
Mir_544.8	12.0715549208769	725.992978995882	0.992992061319463
MIR675	8.89224348195542	92.9496917285644	0.953010767405785
MIR483	8.89224348195542	89.2806249498053	0.952077744319737
MIR4686	8.89224348195542	89.2806249498053	0.952077744319737
DM376721	-7.45108193387701	178.141038590533	0.945458070991879
MIR611	6.70136179432875	90.7105713147977	0.914999087507984
USP35.5	-9.48887001809645	34.3542365178412	0.923988046354594
DQ600312	-7.93547591390041	204.3181953413	0.955870061136965
NOP2.3	10.1282120935037	107.191266746763	0.963792316817228
NOP2.4	10.0653780655413	101.697218406706	0.962447759832102
NOP2.5	10.0653780655413	108.684954298782	0.963850260060224
CCNT1.2	6.69751005129526	63.5857174667099	0.906709553791404
U6.31	11.7857630560177	500.123866847879	0.990422483803267
SNORA70G	10.8270718795526	483.38311748847	0.987630714481248
LOC100507250	7.94952463450778	39.4490837001369	0.916618760835843
MIR4303	7.62828350291266	42.6826507432133	0.915005931198102
DQ572285	7.9487005000023	125.756829703178	0.948297289898713
MIR4500	10.6914189177358	311.182568009664	0.983240259147732
GPR183.1	13.1631914447797	169.03531296369	0.978929190619582
TRNA_Pro.4	7.68484090058604	40.6980032215222	0.913980290172461
TRNA_Pro.5	7.79419786401802	43.9185130831831	0.918433251209052
TRNA_Thr.1	7.66005133026926	39.4533216674153	0.912528971621498
TRNA_Thr.2	7.643796672029	39.0091046797866	0.91172324117164
TRNA_Pro.6	7.643796672029	39.5508978003392	0.912283055023269
TRNA_Tyr	7.61667135698604	30.2914152471247	0.901035678437814
TRNA_Tyr.1	7.643796672029	30.2943046981321	0.901306232320467
TRNA_Tyr.2	7.643796672029	30.2943046981321	0.901306232320467
TRNA_Tyr.3	7.61667135698604	30.2914152471247	0.901035678437814
TRNA_Pseudo.35	7.643796672029	34.7276175807856	0.907111962770326
TRNA_Thr.3	7.643796672029	39.0091046797866	0.91172324117164
TRNA_Tyr.4	7.643796672029	31.9962319283643	0.903620312072269
TRNA_Pro.7	7.64476892435067	39.5776946754611	0.912305867323661
KIAA0855	11.5711614059424	4103.46699814586	0.995401040240898
HP06981	7.08597516601678	291.57737461641	0.942647595583539
ST20.2	6.16799559379965	211.259373356427	0.909002189980838
ST20.3	6.16799559379965	219.930467038967	0.90939593028561
IGH.9	12.0984126338514	151.911193363474	0.97596222283055
LINC00273	11.7954723324438	43.3385862192697	0.939691121452687
JA682656	12.0993352539294	2853.61215294202	0.996271101377863
Y_RNA.34	8.21445297002307	44.5925499620397	0.924504516835478
HEATR3.2	7.55563813254117	76.2477535259162	0.931504243087873
FAM192A.2	7.69314922748758	286.008404156788	0.955428415001369
FAM192A.3	8.36761947016654	186.665175294435	0.960728624874532
MIR4719	10.1973855714532	199.85884805387	0.975812574139976
ZC3H18.6	7.55181690126832	37.9906213374632	0.909299662377954
DQ574721	-6.35255884493123	104.77393647967	0.906698147641208
PIK3R5.5	8.74534508818467	40.2965301579616	0.925840861392463
AF086346	-9.36343633178197	189.970586118224	0.970271010128661
TMEM99.3	-8.79770715236155	41.3706903484112	0.927326854640022
DQ578599	6.42471162116689	550.929405070018	0.925769687015239
NSFP1.1	6.44647988908018	296.315135403472	0.922974267725157
FLJ40194.1	12.3381270942498	157.216814808626	0.976908020804818
MIR3678	8.64654044026719	60.8567672076367	0.939374030477233
C17orf110.1	8.64702572467631	30.2775951985536	0.912864768683274
MIR320C1	7.99288389310557	41.2629903429931	0.918862122456429
MIR133A1	12.4674404676679	920.805615163152	0.994577516196733
MIR1-2	12.1938926693388	953.269487553126	0.994284150013687
ZNF516.1	7.94775140828118	29.3166610099761	0.904172825987773
FCER2.4	12.9298396251676	422.125715376542	0.990602244730359
DQ591443	-6.63718786731394	4924.58266766299	0.936679441554886
ZNF880.2	7.88805018267033	45.6596637238428	0.921320832192718
Metazoa_SRP.57	9.79074993650503	41.3762536748063	0.933219728077379
MIR4774	10.1557607704536	214.608996229121	0.97663427320011
SNORD77.2	7.33044766307408	55.8274470406605	0.918502600602245
ANKRD44.5	7.61615666235586	105.055592292937	0.93967150287435
ANKRD44.6	7.47497864593497	109.269284664298	0.937617939593029
TRNA.42	13.129250267304	1378.54358421629	0.996437631170727
TRNA_Tyr.6	13.129250267304	1378.54358421629	0.996437631170727
TRNA_Sup.2	11.6180321712173	633.334882107183	0.991425768774523
BID.7	6.83121305116864	85.8582538075457	0.917504334337075
BID.8	6.82666410077799	96.471408009303	0.919932475590839
DQ575049	7.11400940817845	90.1181963063015	0.925922985673875
ITPR1.5	7.19244249506086	213.035380137083	0.941946345469477
ITPR1.6	7.19244249506086	213.988985240651	0.942000182498403
EDEM1.2	6.45676421382295	71.3214258238586	0.902217355598139
Mir_598.2	8.27815465011744	74.0734214480869	0.941195820786568
FILIP1L.6	7.33933839144471	128.232657922891	0.937922711926271
MIR3921	10.5738947233758	256.453904358922	0.980683000273748
SIDT1.4	9.05349890927701	145.393660641007	0.96341454512273
Mir_584.28	7.88068159265146	27.9864245272245	0.901173008486176
DM119508.1	12.3822992276023	3472.10796075377	0.996859658727986
TRIM59.1	7.65327686518785	62.7952282105059	0.927786294369924
U7.22	12.3821104092499	1106.90400800801	0.995110411533899
Mir_562.8	12.3812804802632	741.091693776963	0.99357788119354
5S_rRNA.98	8.33180110473182	35.6316638743522	0.917096906652067
MIR572	7.55964855362789	47.9400927703001	0.917935943060498
Y_RNA.65	10.2418032633225	180.348989951656	0.974443379870426
BBS12.2	-9.37325205332759	24.567273863509	0.907324117163975
5S_rRNA.100	9.53187022413898	103.715907391883	0.96011223651793
MIR4278	9.59522661780243	160.211566746033	0.969136782553153
GAPT.1	12.651829804888	194.262159821899	0.981010584907382
C5orf56.3	8.95748429953043	625.826132209711	0.977924080664294
GPX3	-7.73472734002604	51.5559103711575	0.923025823524044
MIR4634	13.2051144719744	4287.93205724131	0.997900355871886
LOC388312.2	-6.86716482785453	146.411467204208	0.928457432247468
HMGN4.1	-7.400070402005	36.8191866441722	0.905303859841226
TRNA_Ala.28	-7.38927594954414	47.3811523713925	0.91439593028561
MIR877	7.12382572082463	392.463825530992	0.945630988228853
DAXX.25	-7.19586679341883	41.0506628907158	0.905528332877087
DAXX.26	-7.19586679341883	41.4105810261434	0.905844967606533
SNORD112.13	12.2728966864055	997.281347325144	0.994549228944247
Mir_584.37	8.74558660895451	51.0673629591008	0.934487635733187
WDR27.6	6.5927576744884	85.1122959595026	0.910677981567661
ELMO1.6	8.82069902591419	186.945751039304	0.965563463819692
IKZF1.8	9.96658810777977	89.1575264052126	0.958886759740852
IKZF1.9	9.96658810777977	93.1150781005721	0.959926544392737
IKZF1.10	9.96658810777977	95.4399413414779	0.960520120448946
IKZF1.11	9.96658810777977	87.0812964619255	0.958260333972078
IKZF1.12	9.96658810777977	86.6426734105727	0.958133497581896
IKZF1.13	9.96658810777977	88.9730625574777	0.958830185235879
IKZF1.14	9.96658810777977	88.5152251858269	0.958692855187517
IKZF1.15	9.96658810777977	86.6426734105727	0.958133497581896
IKZF1.16	9.96658810777977	91.5295783670399	0.959523222921799
IKZF1.17	9.96658810777977	91.0451240002418	0.959391824071539
DQ593490.3	11.6493206676204	1531.7653579882	0.994511360525595
U7.30	8.22244938629042	68.7083459208144	0.938508988046355
C7orf49.6	-9.56233327651865	46.4922997394663	0.936632448216078
C7orf49.7	-9.56233327651865	52.6776787983719	0.941033853453782
C7orf49.8	-9.5636537292219	41.3110762922485	0.932090975453965
BV17S1A1T	8.02241117171857	30.13432919903	0.906272470115887
SNORD112.15	7.3637558226038	49.0390489299144	0.915004562460078
MIR1322	7.80743040960353	44.9493186808429	0.919495848161329
U1.12	8.13883289484699	26.2694884033135	0.901316725978648
JH8	6.61561664563353	80.9956005965734	0.910501870608632
DOCK8.9	8.59492671875612	86.9311818283471	0.948550506433069
C9orf123.2	8.81265915298077	78.964453494957	0.948245734099827
DQ590442	10.2766859558674	591.252519895748	0.986713660005475
DQ596206.4	10.2766859558674	682.214446033556	0.987413997627521
C9orf23.2	-8.8661329635894	43.0379848646087	0.929421936308057
DQ590943	9.93053803918921	498.241962014622	0.983984396386532
DQ586768.6	9.93486870858303	538.183007267457	0.984475773336983
DQ581981	9.93486870858303	538.183007267457	0.984475773336983
DQ593719.3	12.5232064634291	3239.42126506851	0.996996988776348
DQ587539.25	12.5232064634291	2807.49842972604	0.996906652066794
DQ596206.5	12.5232064634291	3239.42126506851	0.996996988776348
ZBTB6.1	-10.5481658683255	25.7938589664094	0.913936946801715
MAGEA2.10	8.76817037658667	31.0257313830564	0.914904188338352
MAGEA12.4	10.4204898969982	20.7388652832513	0.901343644493111
JA668106.3	8.87735167815328	335.775059688885	0.972885755999635
JA660597.1	-6.22487654530795	13438.1617086402	0.920526051647048
